tag,count,href,category
Gary of Naxen,193,/tags/Gary%20of%20Naxen,c
Alexander of Tirragen,185,/tags/Alexander%20of%20Tirragen,c
Jonathan of Conté,566,/tags/Jonathan%20of%20Cont%C3%A9,c
Dovasary Balitang,58,/tags/Dovasary%20Balitang,c
Roger of Conté,176,/tags/Roger%20of%20Cont%C3%A9,c
Domitan of Masbolle/Keladry of Mindelan,181,/tags/Domitan%20of%20Masbolle*s*Keladry%20of%20Mindelan,r
Domitan of Masbolle,238,/tags/Domitan%20of%20Masbolle,c
Keladry of Mindelan,897,/tags/Keladry%20of%20Mindelan,c
Alanna of Pirate's Swoop and Olau,730,/tags/Alanna%20of%20Pirate's%20Swoop%20and%20Olau,c
Coram Smythesson,38,/tags/Coram%20Smythesson,c
Nealan of Queenscove,452,/tags/Nealan%20of%20Queenscove,c
Wyldon of Cavall,247,/tags/Wyldon%20of%20Cavall,c
Beka Cooper,113,/tags/Beka%20Cooper,c
Buriram Tourakom,201,/tags/Buriram%20Tourakom,c
Thayet jian Wilima,276,/tags/Thayet%20jian%20Wilima,c
Delia of Eldorne,73,/tags/Delia%20of%20Eldorne,c
Delia of Eldorne/Josiane Rittevon,10,/tags/Delia%20of%20Eldorne*s*Josiane%20Rittevon,r
Josiane Rittevon,19,/tags/Josiane%20Rittevon,c
Lindhall Reed,38,/tags/Lindhall%20Reed,c
Joren of Stone Mountain,45,/tags/Joren%20of%20Stone%20Mountain,c
Merric of Hollyrose,67,/tags/Merric%20of%20Hollyrose,c
Alan of Pirate's Swoop,63,/tags/Alan%20of%20Pirate's%20Swoop,c
Kalasin of Conté,132,/tags/Kalasin%20of%20Cont%C3%A9,c
Alianne Cooper/Keladry of Mindelan,1,/tags/Alianne%20Cooper*s*Keladry%20of%20Mindelan,r
Alianne Cooper,96,/tags/Alianne%20Cooper,c
Kaddar Iliniat,87,/tags/Kaddar%20Iliniat,c
George Cooper/Nealan of Queenscove,0,/tags/George%20Cooper*s*Nealan%20of%20Queenscove,r
Alanna of Pirate's Swoop and Olau/George Cooper,223,/tags/Alanna%20of%20Pirate's%20Swoop%20and%20Olau*s*George%20Cooper,r
Tobeis Boon,71,/tags/Tobeis%20Boon,c
Owen of Jesslaw,111,/tags/Owen%20of%20Jesslaw,c
Conal of Mindelan,4,/tags/Conal%20of%20Mindelan,c
Eda Bell,10,/tags/Eda%20Bell,c
Hakuin Seastone,12,/tags/Hakuin%20Seastone,c
Lerant of Eldorne,41,/tags/Lerant%20of%20Eldorne,c
Thom of Trebond,213,/tags/Thom%20of%20Trebond,c
Roger of Conté/Thom of Trebond,33,/tags/Roger%20of%20Cont%C3%A9*s*Thom%20of%20Trebond,r
Numair Salmalín,398,/tags/Numair%20Salmal%C3%ADn,c
Aniki Forfrysning,16,/tags/Aniki%20Forfrysning,c
Kora Ingensra,14,/tags/Kora%20Ingensra,c
Rosto the Piper,79,/tags/Rosto%20the%20Piper,c
Aniki Forfrysning/Kora Ingensra/Rosto the Piper,2,/tags/Aniki%20Forfrysning*s*Kora%20Ingensra*s*Rosto%20the%20Piper,r
Sarra Beneksri/Weiryn,6,/tags/Sarra%20Beneksri*s*Weiryn,r
Sarra Beneksri,19,/tags/Sarra%20Beneksri,c
Alanna of Pirate's Swoop and Olau/Joren of Stone Mountain,0,/tags/Alanna%20of%20Pirate's%20Swoop%20and%20Olau*s*Joren%20of%20Stone%20Mountain,r
Raoul of Goldenlake and Malorie's Peak/Buriram Tourakom,59,/tags/Raoul%20of%20Goldenlake%20and%20Malorie's%20Peak*s*Buriram%20Tourakom,r
Raoul of Goldenlake and Malorie's Peak,353,/tags/Raoul%20of%20Goldenlake%20and%20Malorie's%20Peak,c
Lerant of Eldorne/Raoul of Goldenlake and Malorie's Peak,0,/tags/Lerant%20of%20Eldorne*s*Raoul%20of%20Goldenlake%20and%20Malorie's%20Peak,r
Petranne Balitang,5,/tags/Petranne%20Balitang,c
Taybur Sibigat,30,/tags/Taybur%20Sibigat,c
Veralidaine Sarrasri,383,/tags/Veralidaine%20Sarrasri,c
Onua Chamtong/Stefan Groomsman,1,/tags/Onua%20Chamtong*s*Stefan%20Groomsman,r
Onua Chamtong,67,/tags/Onua%20Chamtong,c
Stefan Groomsman,12,/tags/Stefan%20Groomsman,c
Uline of Hannalof,17,/tags/Uline%20of%20Hannalof,c
Alanna of Pirate's Swoop and Olau/Keladry of Mindelan,16,/tags/Alanna%20of%20Pirate's%20Swoop%20and%20Olau*s*Keladry%20of%20Mindelan,r
Yukimi noh Daiomoru,102,/tags/Yukimi%20noh%20Daiomoru,c
Sabine of Macayhill,19,/tags/Sabine%20of%20Macayhill,c
Cleon of Kennan,48,/tags/Cleon%20of%20Kennan,c
Liam of Conté,38,/tags/Liam%20of%20Cont%C3%A9,c
Vania of Conté,52,/tags/Vania%20of%20Cont%C3%A9,c
Keladry of Mindelan/Buriram Tourakom,8,/tags/Keladry%20of%20Mindelan*s*Buriram%20Tourakom,r
Cleon of Kennan/Keladry of Mindelan,10,/tags/Cleon%20of%20Kennan*s*Keladry%20of%20Mindelan,r
Keladry of Mindelan/Owen of Jesslaw,12,/tags/Keladry%20of%20Mindelan*s*Owen%20of%20Jesslaw,r
Keladry of Mindelan/Nealan of Queenscove,28,/tags/Keladry%20of%20Mindelan*s*Nealan%20of%20Queenscove,r
Keladry of Mindelan/Sabine of Macayhill,1,/tags/Keladry%20of%20Mindelan*s*Sabine%20of%20Macayhill,r
Keladry of Mindelan/Uline of Hannalof,2,/tags/Keladry%20of%20Mindelan*s*Uline%20of%20Hannalof,r
Sebila of Disart,1,/tags/Sebila%20of%20Disart,c
Cythera of Naxen,42,/tags/Cythera%20of%20Naxen,c
Fazia Iliniat,13,/tags/Fazia%20Iliniat,c
Shinkokami of Conté,110,/tags/Shinkokami%20of%20Cont%C3%A9,c
Evin Larse,26,/tags/Evin%20Larse,c
Myles of Olau,74,/tags/Myles%20of%20Olau,c
Liam Ironarm,26,/tags/Liam%20Ironarm,c
Domitan of Masbolle/Evin Larse,2,/tags/Domitan%20of%20Masbolle*s*Evin%20Larse,r
Imrah of Legann,33,/tags/Imrah%20of%20Legann,c
Rispah Cooper/Coram Smythesson,5,/tags/Rispah%20Cooper*s*Coram%20Smythesson,r
Miri (Tortall),23,/tags/Miri%20(Tortall),c
Ozorne Muhassin Tasikhe,70,/tags/Ozorne%20Muhassin%20Tasikhe,c
Margarry of Cavall,25,/tags/Margarry%20of%20Cavall,c
Sarugani Temaida,2,/tags/Sarugani%20Temaida,c
Thom of Pirate's Swoop,44,/tags/Thom%20of%20Pirate's%20Swoop,c
Keladry of Mindelan/Raoul of Goldenlake and Malorie's Peak/Buriram Tourakom,9,/tags/Keladry%20of%20Mindelan*s*Raoul%20of%20Goldenlake%20and%20Malorie's%20Peak*s*Buriram%20Tourakom,r
Alanna of Pirate's Swoop and Olau/Rispah Cooper,0,/tags/Alanna%20of%20Pirate's%20Swoop%20and%20Olau*s*Rispah%20Cooper,r
Alianne Cooper/Raoul of Goldenlake and Malorie's Peak,0,/tags/Alianne%20Cooper*s*Raoul%20of%20Goldenlake%20and%20Malorie's%20Peak,r
Delia of Eldorne/Raoul of Goldenlake and Malorie's Peak,1,/tags/Delia%20of%20Eldorne*s*Raoul%20of%20Goldenlake%20and%20Malorie's%20Peak,r
Winnamine Balitang,13,/tags/Winnamine%20Balitang,c
Alanna of Pirate's Swoop and Olau/Jonathan of Conté,65,/tags/Alanna%20of%20Pirate's%20Swoop%20and%20Olau*s*Jonathan%20of%20Cont%C3%A9,r
Jonathan of Conté/Veralidaine Sarrasri,0,/tags/Jonathan%20of%20Cont%C3%A9*s*Veralidaine%20Sarrasri,r
Douglass of Veldine,30,/tags/Douglass%20of%20Veldine,c
Adigun jin Wilima,7,/tags/Adigun%20jin%20Wilima,c
Kalasin jian Wilima,12,/tags/Kalasin%20jian%20Wilima,c
Keladry of Mindelan/Wyldon of Cavall,48,/tags/Keladry%20of%20Mindelan*s*Wyldon%20of%20Cavall,r
Ilane of Mindelan,38,/tags/Ilane%20of%20Mindelan,c
Tilaine of Mindelan,1,/tags/Tilaine%20of%20Mindelan,c
Vorinna of Mindelan,1,/tags/Vorinna%20of%20Mindelan,c
Faleron of King's Reach,54,/tags/Faleron%20of%20King's%20Reach,c
Keladry of Mindelan/Vania of Conté,5,/tags/Keladry%20of%20Mindelan*s*Vania%20of%20Cont%C3%A9,r
Lianokami of Conté,29,/tags/Lianokami%20of%20Cont%C3%A9,c
Sarralyn Salmalín,10,/tags/Sarralyn%20Salmal%C3%ADn,c
Alanna of Pirate's Swoop and Olau/George Cooper/Keladry of Mindelan,1,/tags/Alanna%20of%20Pirate's%20Swoop%20and%20Olau*s*George%20Cooper*s*Keladry%20of%20Mindelan,r
Keladry of Mindelan/Raoul of Goldenlake and Malorie's Peak,13,/tags/Keladry%20of%20Mindelan*s*Raoul%20of%20Goldenlake%20and%20Malorie's%20Peak,r
Onua Chamtong/Buriram Tourakom,1,/tags/Onua%20Chamtong*s*Buriram%20Tourakom,r
Tomlan Goodwin,7,/tags/Tomlan%20Goodwin,c
Clara Goodwin,23,/tags/Clara%20Goodwin,c
Clara Goodwin/Tomlan Goodwin,5,/tags/Clara%20Goodwin*s*Tomlan%20Goodwin,r
Irnai (Tortall),5,/tags/Irnai%20(Tortall),c
Kourrem (Tortall),16,/tags/Kourrem%20(Tortall),c
Gareth I of Naxen,95,/tags/Gareth%20I%20of%20Naxen,c
Lianne I of Conté,50,/tags/Lianne%20I%20of%20Cont%C3%A9,c
Lianne II of Conté,54,/tags/Lianne%20II%20of%20Cont%C3%A9,c
Cythera of Naxen/Gary of Naxen,28,/tags/Cythera%20of%20Naxen*s*Gary%20of%20Naxen,r
Alan of Pirate's Swoop/Lianne II of Conté,19,/tags/Alan%20of%20Pirate's%20Swoop*s*Lianne%20II%20of%20Cont%C3%A9,r
Kara/Kourrem (Tortall),1,/tags/Kara*s*Kourrem%20(Tortall),r
Kara (Tortall),11,/tags/Kara%20(Tortall),c
Jump (Tortall),11,/tags/Jump%20(Tortall),c
Nealan of Queenscove/Yukimi noh Daiomoru,7,/tags/Nealan%20of%20Queenscove*s*Yukimi%20noh%20Daiomoru,r
Matthias Tunstall,24,/tags/Matthias%20Tunstall,c
Skysong (Tortall),32,/tags/Skysong%20(Tortall),c
Pounce (Tortall),15,/tags/Pounce%20(Tortall),c
Achoo Curlypaws,5,/tags/Achoo%20Curlypaws,c
Jasson II of Conté,25,/tags/Jasson%20II%20of%20Cont%C3%A9,c
Numair Salmalín/Veralidaine Sarrasri,325,/tags/Numair%20Salmal%C3%ADn*s*Veralidaine%20Sarrasri,r
Cythera of Naxen/Gareth I of Naxen,1,/tags/Cythera%20of%20Naxen*s*Gareth%20I%20of%20Naxen,r
Tansy Lofts,4,/tags/Tansy%20Lofts,c
Phelan Rapp,6,/tags/Phelan%20Rapp,c
Joren of Stone Mountain/Keladry of Mindelan,10,/tags/Joren%20of%20Stone%20Mountain*s*Keladry%20of%20Mindelan,r
Tobeis Boon/Keladry of Mindelan,0,/tags/Tobeis%20Boon*s*Keladry%20of%20Mindelan,r
Rikash Moonsword,31,/tags/Rikash%20Moonsword,c
Alianne Cooper & George Cooper,2,/tags/Alianne%20Cooper%20*a*%20George%20Cooper,r
Fianola (Tortall),13,/tags/Fianola%20(Tortall),c
Lianne I of Conté/Roger of Conté,0,/tags/Lianne%20I%20of%20Cont%C3%A9*s*Roger%20of%20Cont%C3%A9,r
Maura of Dunlath,28,/tags/Maura%20of%20Dunlath,c
Keladry of Mindelan/Lindhall Reed,6,/tags/Keladry%20of%20Mindelan*s*Lindhall%20Reed,r
Alan of Pirate's Swoop/Maura of Dunlath,1,/tags/Alan%20of%20Pirate's%20Swoop*s*Maura%20of%20Dunlath,r
Domitan of Masbolle & Lerant of Eldorne,0,/tags/Domitan%20of%20Masbolle%20*a*%20Lerant%20of%20Eldorne,r
Keladry of Mindelan/Yukimi noh Daiomoru,1,/tags/Keladry%20of%20Mindelan*s*Yukimi%20noh%20Daiomoru,r
Lorine Cooper,1,/tags/Lorine%20Cooper,c
Diona Cooper,0,/tags/Diona%20Cooper,c
Nestor Haryse,20,/tags/Nestor%20Haryse,c
Nilo Cooper,1,/tags/Nilo%20Cooper,c
Gershom of Haryse,3,/tags/Gershom%20of%20Haryse,c
Ersken Westover,10,/tags/Ersken%20Westover,c
George Cooper/Thayet jian Wilima,5,/tags/George%20Cooper*s*Thayet%20jian%20Wilima,r
Okha Soyan,17,/tags/Okha%20Soyan,c
Jonathan of Conté/Keladry of Mindelan,10,/tags/Jonathan%20of%20Cont%C3%A9*s*Keladry%20of%20Mindelan,r
Clara Goodwin/Matthias Tunstall,7,/tags/Clara%20Goodwin*s*Matthias%20Tunstall,r
Sabine of Macayhill/Matthias Tunstall,3,/tags/Sabine%20of%20Macayhill*s*Matthias%20Tunstall,r
Beka Cooper/Nestor Haryse,1,/tags/Beka%20Cooper*s*Nestor%20Haryse,r
Domitan of Masbolle/Raoul of Goldenlake and Malorie's Peak,0,/tags/Domitan%20of%20Masbolle*s*Raoul%20of%20Goldenlake%20and%20Malorie's%20Peak,r
Alan of Trebond,24,/tags/Alan%20of%20Trebond,c
Balduin of Disart,3,/tags/Balduin%20of%20Disart,c
Dale Rowan,2,/tags/Dale%20Rowan,c
Elsren Balitang,1,/tags/Elsren%20Balitang,c
Dermid of Josu's Dirk,1,/tags/Dermid%20of%20Josu's%20Dirk,c
Esmond of Nicoline,9,/tags/Esmond%20of%20Nicoline,c
Fesgao Yibenu,2,/tags/Fesgao%20Yibenu,c
Garvey of Runnerspring,11,/tags/Garvey%20of%20Runnerspring,c
Nuritin Balitang,0,/tags/Nuritin%20Balitang,c
Dunevon Rittevon,6,/tags/Dunevon%20Rittevon,c
Kyprioth (Tortall),20,/tags/Kyprioth%20(Tortall),c
Lalasa Isran,70,/tags/Lalasa%20Isran,c
Nawat Crow,19,/tags/Nawat%20Crow,c
Prosper of Tameran,2,/tags/Prosper%20of%20Tameran,c
Quinden of Martis Hill,2,/tags/Quinden%20of%20Martis%20Hill,c
Saraiyu Balitang,29,/tags/Saraiyu%20Balitang,c
Seaver of Tasride,25,/tags/Seaver%20of%20Tasride,c
Ragnal of Darroch,0,/tags/Ragnal%20of%20Darroch,c
Varice Kingsford,35,/tags/Varice%20Kingsford,c
Teron of Blythdin,0,/tags/Teron%20of%20Blythdin,c
Ulasim Dodeka,0,/tags/Ulasim%20Dodeka,c
Vinson of Genlith,12,/tags/Vinson%20of%20Genlith,c
Warric of Mandash,2,/tags/Warric%20of%20Mandash,c
Yancen of Irenroha,3,/tags/Yancen%20of%20Irenroha,c
Zahir ibn Alhaz,95,/tags/Zahir%20ibn%20Alhaz,c
Alanna of Pirate's Swoop and Olau/Roger of Conté,6,/tags/Alanna%20of%20Pirate's%20Swoop%20and%20Olau*s*Roger%20of%20Cont%C3%A9,r
Liam Ironarm/Roger of Conté,1,/tags/Liam%20Ironarm*s*Roger%20of%20Cont%C3%A9,r
Pathom Tourakom,1,/tags/Pathom%20Tourakom,c
Lalasa Isran/Tianine Plowman,15,/tags/Lalasa%20Isran*s*Tianine%20Plowman,r
Tianine Plowman,19,/tags/Tianine%20Plowman,c
Baird of Queenscove,83,/tags/Baird%20of%20Queenscove,c
Gary of Naxen/Raoul of Goldenlake and Malorie's Peak,7,/tags/Gary%20of%20Naxen*s*Raoul%20of%20Goldenlake%20and%20Malorie's%20Peak,r
Alanna of Pirate's Swoop and Olau/Gary of Naxen,1,/tags/Alanna%20of%20Pirate's%20Swoop%20and%20Olau*s*Gary%20of%20Naxen,r
George Cooper/Jonathan of Conté,6,/tags/George%20Cooper*s*Jonathan%20of%20Cont%C3%A9,r
Alanna of Pirate's Swoop and Olau/Liam Ironarm,8,/tags/Alanna%20of%20Pirate's%20Swoop%20and%20Olau*s*Liam%20Ironarm,r
Nealan of Queenscove/Wyldon of Cavall,1,/tags/Nealan%20of%20Queenscove*s*Wyldon%20of%20Cavall,r
Sacherell of Wellam,13,/tags/Sacherell%20of%20Wellam,c
Moonlight (Tortall),0,/tags/Moonlight%20(Tortall),c
Faleron of King's Reach/Keladry of Mindelan,30,/tags/Faleron%20of%20King's%20Reach*s*Keladry%20of%20Mindelan,r
Vivenne of Cavall,32,/tags/Vivenne%20of%20Cavall,c
Vivenne of Cavall/Wyldon of Cavall,18,/tags/Vivenne%20of%20Cavall*s*Wyldon%20of%20Cavall,r
Alanna of Pirate's Swoop and Olau/Buriram Tourakom,1,/tags/Alanna%20of%20Pirate's%20Swoop%20and%20Olau*s*Buriram%20Tourakom,r
Margarry of Cavall/Owen of Jesslaw,17,/tags/Margarry%20of%20Cavall*s*Owen%20of%20Jesslaw,r
Rikash Salmalín,6,/tags/Rikash%20Salmal%C3%ADn,c
Alan of Trebond/Coram Smythesson,1,/tags/Alan%20of%20Trebond*s*Coram%20Smythesson,r
George Cooper/Thom of Trebond,3,/tags/George%20Cooper*s*Thom%20of%20Trebond,r
Delia of Eldorne/Thayet jian Wilima,1,/tags/Delia%20of%20Eldorne*s*Thayet%20jian%20Wilima,r
Alan of Pirate's Swoop/Dovasary Balitang,1,/tags/Alan%20of%20Pirate's%20Swoop*s*Dovasary%20Balitang,r
Gareth I of Naxen/Roanna of Naxen,9,/tags/Gareth%20I%20of%20Naxen*s*Roanna%20of%20Naxen,r
Roanna of Naxen,21,/tags/Roanna%20of%20Naxen,c
Alanna of Pirate's Swoop and Olau/Thom of Trebond,2,/tags/Alanna%20of%20Pirate's%20Swoop%20and%20Olau*s*Thom%20of%20Trebond,r
Alanna of Pirate's Swoop and Olau/Roger of Conté/Thom of Trebond,1,/tags/Alanna%20of%20Pirate's%20Swoop%20and%20Olau*s*Roger%20of%20Cont%C3%A9*s*Thom%20of%20Trebond,r
Liam Ironarm/Thom of Trebond,1,/tags/Liam%20Ironarm*s*Thom%20of%20Trebond,r
Thayet jian Wilima/Thom of Trebond,1,/tags/Thayet%20jian%20Wilima*s*Thom%20of%20Trebond,r
Chitral/Thayet jian Wilima,1,/tags/Chitral*s*Thayet%20jian%20Wilima,r
Francis of Nond,24,/tags/Francis%20of%20Nond,c
Gareth I of Naxen/Lindhall Reed,2,/tags/Gareth%20I%20of%20Naxen*s*Lindhall%20Reed,r
Numair Salmalín/Thom of Trebond,17,/tags/Numair%20Salmal%C3%ADn*s*Thom%20of%20Trebond,r
Ozorne Muhassin Tasikhe/Thom of Trebond,3,/tags/Ozorne%20Muhassin%20Tasikhe*s*Thom%20of%20Trebond,r
Alan of Pirate's Swoop/Raoul of Goldenlake and Malorie's Peak,0,/tags/Alan%20of%20Pirate's%20Swoop*s*Raoul%20of%20Goldenlake%20and%20Malorie's%20Peak,r
Baird of Queenscove/Wyldon of Cavall,0,/tags/Baird%20of%20Queenscove*s*Wyldon%20of%20Cavall,r
Alan of Pirate's Swoop/Thom of Pirate's Swoop,0,/tags/Alan%20of%20Pirate's%20Swoop*s*Thom%20of%20Pirate's%20Swoop,r
Chitral (Tortall),0,/tags/Chitral%20(Tortall),c
Alanna of Pirate's Swoop and Olau/Delia of Eldorne,12,/tags/Alanna%20of%20Pirate's%20Swoop%20and%20Olau*s*Delia%20of%20Eldorne,r
Alanna of Pirate's Swoop and Olau/Ozorne Muhassin Tasikhe,0,/tags/Alanna%20of%20Pirate's%20Swoop%20and%20Olau*s*Ozorne%20Muhassin%20Tasikhe,r
Owen of Jesslaw/Vivenne of Cavall,2,/tags/Owen%20of%20Jesslaw*s*Vivenne%20of%20Cavall,r
Delia of Eldorne/Roger of Conté,12,/tags/Delia%20of%20Eldorne*s*Roger%20of%20Cont%C3%A9,r
Clara Goodwin/Tomlan Goodwin/Matthias Tunstall,1,/tags/Clara%20Goodwin*s*Tomlan%20Goodwin*s*Matthias%20Tunstall,r
Cythera of Naxen/Delia of Eldorne,1,/tags/Cythera%20of%20Naxen*s*Delia%20of%20Eldorne,r
Alexander of Tirragen/Delia of Eldorne,7,/tags/Alexander%20of%20Tirragen*s*Delia%20of%20Eldorne,r
Delia of Eldorne/Jonathan of Conté,12,/tags/Delia%20of%20Eldorne*s*Jonathan%20of%20Cont%C3%A9,r
Fazia Iliniat/Numair Salmalín,0,/tags/Fazia%20Iliniat*s*Numair%20Salmal%C3%ADn,r
Liam Ironarm/Thom of Trebond/Buriram Tourakom,0,/tags/Liam%20Ironarm*s*Thom%20of%20Trebond*s*Buriram%20Tourakom,r
Blayce the Gallan,3,/tags/Blayce%20the%20Gallan,c
Lalasa Isran/Keladry of Mindelan,14,/tags/Lalasa%20Isran*s*Keladry%20of%20Mindelan,r
Numair Salmalín/Ozorne Muhassin Tasikhe,18,/tags/Numair%20Salmal%C3%ADn*s*Ozorne%20Muhassin%20Tasikhe,r
Lianokami of Conté/Rikash Salmalín,0,/tags/Lianokami%20of%20Cont%C3%A9*s*Rikash%20Salmal%C3%ADn,r
Shinkokami of Conté/Vania of Conté,0,/tags/Shinkokami%20of%20Cont%C3%A9*s*Vania%20of%20Cont%C3%A9,r
Alan of Pirate's Swoop/Keladry of Mindelan/Margarry of Cavall/Owen of Jesslaw,0,/tags/Alan%20of%20Pirate's%20Swoop*s*Keladry%20of%20Mindelan*s*Margarry%20of%20Cavall*s*Owen%20of%20Jesslaw,r
Wyldon of Cavall/Other(s),0,/tags/Wyldon%20of%20Cavall*s*Other(s),r
Cythera of Naxen/Wyldon of Cavall,3,/tags/Cythera%20of%20Naxen*s*Wyldon%20of%20Cavall,r
Gwynnen (Tortall),8,/tags/Gwynnen%20(Tortall),c
Kalasin of Conté/Wyldon of Cavall,6,/tags/Kalasin%20of%20Cont%C3%A9*s*Wyldon%20of%20Cavall,r
Domitan of Masbolle/Thayet jian Wilima,1,/tags/Domitan%20of%20Masbolle*s*Thayet%20jian%20Wilima,r
Domitan of Masbolle/Lerant of Eldorne,2,/tags/Domitan%20of%20Masbolle*s*Lerant%20of%20Eldorne,r
Keladry of Mindelan/Lerant of Eldorne,13,/tags/Keladry%20of%20Mindelan*s*Lerant%20of%20Eldorne,r
Faleron of King's Reach/Kalasin of Conté,7,/tags/Faleron%20of%20King's%20Reach*s*Kalasin%20of%20Cont%C3%A9,r
Faleron of King's Reach/Thayet jian Wilima,1,/tags/Faleron%20of%20King's%20Reach*s*Thayet%20jian%20Wilima,r
Jasson I of Conté,10,/tags/Jasson%20I%20of%20Cont%C3%A9,c
Keladry of Mindelan/Maura of Dunlath,3,/tags/Keladry%20of%20Mindelan*s*Maura%20of%20Dunlath,r
Keladry of Mindelan/Merric of Hollyrose,7,/tags/Keladry%20of%20Mindelan*s*Merric%20of%20Hollyrose,r
Qasim ibn Zirhud,11,/tags/Qasim%20ibn%20Zirhud,c
Domitan of Masbolle/Yukimi noh Daiomoru,1,/tags/Domitan%20of%20Masbolle*s*Yukimi%20noh%20Daiomoru,r
Baird of Queenscove/Ilane of Mindelan,3,/tags/Baird%20of%20Queenscove*s*Ilane%20of%20Mindelan,r
Keladry of Mindelan/Seaver of Tasride,2,/tags/Keladry%20of%20Mindelan*s*Seaver%20of%20Tasride,r
Cleon of Kennan/Ermelian of Aminar,4,/tags/Cleon%20of%20Kennan*s*Ermelian%20of%20Aminar,r
Ermelian of Aminar,3,/tags/Ermelian%20of%20Aminar,c
Flyndan Whiteford,8,/tags/Flyndan%20Whiteford,c
Zaimid Hetnim,19,/tags/Zaimid%20Hetnim,c
Binur Iliniat,13,/tags/Binur%20Iliniat,c
Rikash Moonsword/Veralidaine Sarrasri,7,/tags/Rikash%20Moonsword*s*Veralidaine%20Sarrasri,r
George Cooper/Liam Ironarm,2,/tags/George%20Cooper*s*Liam%20Ironarm,r
Bonedancer (Tortall),0,/tags/Bonedancer%20(Tortall),c
Wolset (Tortall),7,/tags/Wolset%20(Tortall),c
Vania of Conté/Flyndan Whiteford,1,/tags/Vania%20of%20Cont%C3%A9*s*Flyndan%20Whiteford,r
Fazia Iliniat/Kaddar Iliniat,0,/tags/Fazia%20Iliniat*s*Kaddar%20Iliniat,r
Forum: The Dancing Dove,6,/tags/Forum:%20The%20Dancing%20Dove,f
Zefrem (Tortall),0,/tags/Zefrem%20(Tortall),c
Griffin (Tortall),1,/tags/Griffin%20(Tortall),c
Miache (Tortall),0,/tags/Miache%20(Tortall),c
Faleron of King's Reach/Uline of Hannalof,0,/tags/Faleron%20of%20King's%20Reach*s*Uline%20of%20Hannalof,r
Cythera of Naxen/Raoul of Goldenlake and Malorie's Peak,2,/tags/Cythera%20of%20Naxen*s*Raoul%20of%20Goldenlake%20and%20Malorie's%20Peak,r
Cythera of Naxen/Gary of Naxen/Raoul of Goldenlake and Malorie's Peak,1,/tags/Cythera%20of%20Naxen*s*Gary%20of%20Naxen*s*Raoul%20of%20Goldenlake%20and%20Malorie's%20Peak,r
Alianne Cooper/Nawat Crow,20,/tags/Alianne%20Cooper*s*Nawat%20Crow,r
Beka Cooper/Rosto the Piper,63,/tags/Beka%20Cooper*s*Rosto%20the%20Piper,r
Miache/Zefrem (Tortall),0,/tags/Miache*s*Zefrem%20(Tortall),r
Tristan Staghorn,6,/tags/Tristan%20Staghorn,c
Imajane Rittevon,4,/tags/Imajane%20Rittevon,c
Mithros Sun-Lord,3,/tags/Mithros%20Sun-Lord,c
Piers of Mindelan,14,/tags/Piers%20of%20Mindelan,c
Beka Cooper/Kora Ingensra,0,/tags/Beka%20Cooper*s*Kora%20Ingensra,r
Keladry of Mindelan/Peter Pevensie,0,/tags/Keladry%20of%20Mindelan*s*Peter%20Pevensie,r
Alanna of Pirate's Swoop and Olau/Alexander of Tirragen,8,/tags/Alanna%20of%20Pirate's%20Swoop%20and%20Olau*s*Alexander%20of%20Tirragen,r
Dain of Melor,2,/tags/Dain%20of%20Melor,c
Peachblossom (Tortall),17,/tags/Peachblossom%20(Tortall),c
Hilam of Keir,1,/tags/Hilam%20of%20Keir,c
Haname noh Ajikuro,27,/tags/Haname%20noh%20Ajikuro,c
Delia of Eldorne/Thom of Trebond,9,/tags/Delia%20of%20Eldorne*s*Thom%20of%20Trebond,r
Roxanne of Haryse,8,/tags/Roxanne%20of%20Haryse,c
Halef Seif,10,/tags/Halef%20Seif,c
Geoffrey of Meron,19,/tags/Geoffrey%20of%20Meron,c
Delia of Eldorne/Numair Salmalín,1,/tags/Delia%20of%20Eldorne*s*Numair%20Salmal%C3%ADn,r
Ishak (Tortall),6,/tags/Ishak%20(Tortall),c
Fanche Weir,6,/tags/Fanche%20Weir,c
Maude Tanner,12,/tags/Maude%20Tanner,c
Alanna of Pirate's Swoop and Olau/Francis of Nond,0,/tags/Alanna%20of%20Pirate's%20Swoop%20and%20Olau*s*Francis%20of%20Nond,r
Esmond of Nicoline/Keladry of Mindelan,0,/tags/Esmond%20of%20Nicoline*s*Keladry%20of%20Mindelan,r
Jonathan of Conté/Thom of Trebond,7,/tags/Jonathan%20of%20Cont%C3%A9*s*Thom%20of%20Trebond,r
Kora Ingensra/Ersken Westover,4,/tags/Kora%20Ingensra*s*Ersken%20Westover,r
Aniki Forfrysning/Phelan Rapp,3,/tags/Aniki%20Forfrysning*s*Phelan%20Rapp,r
Beka Cooper/Ersken Westover,1,/tags/Beka%20Cooper*s*Ersken%20Westover,r
Keladry of Mindelan/Briar Moss,1,/tags/Keladry%20of%20Mindelan*s*Briar%20Moss,r
Alanna of Pirate's Swoop and Olau/Gregor Vorbarra,0,/tags/Alanna%20of%20Pirate's%20Swoop%20and%20Olau*s*Gregor%20Vorbarra,r
Tansy Lofts/Herun Lofts,1,/tags/Tansy%20Lofts*s*Herun%20Lofts,r
Herun Lofts,1,/tags/Herun%20Lofts,c
Saraiyu Balitang/Zaimid Hetnim,13,/tags/Saraiyu%20Balitang*s*Zaimid%20Hetnim,r
Saraiyu Balitang/Kaddar Iliniat,1,/tags/Saraiyu%20Balitang*s*Kaddar%20Iliniat,r
Kalasin of Conté/Nealan of Queenscove,1,/tags/Kalasin%20of%20Cont%C3%A9*s*Nealan%20of%20Queenscove,r
Phelan Rapp/Verene,1,/tags/Phelan%20Rapp*s*Verene,r
Alexander of Tirragen/Jonathan of Conté,2,/tags/Alexander%20of%20Tirragen*s*Jonathan%20of%20Cont%C3%A9,r
Kaddar Iliniat/Imajane Rittevon,0,/tags/Kaddar%20Iliniat*s*Imajane%20Rittevon,r
Kaddar Iliniat/Veralidaine Sarrasri,3,/tags/Kaddar%20Iliniat*s*Veralidaine%20Sarrasri,r
Alexander of Tirragen/Thom of Trebond,29,/tags/Alexander%20of%20Tirragen*s*Thom%20of%20Trebond,r
Alianne Cooper/Dovasary Balitang,6,/tags/Alianne%20Cooper*s*Dovasary%20Balitang,r
Vereyu (Tortall),0,/tags/Vereyu%20(Tortall),c
Jonathan of Conté/Josiane Rittevon,7,/tags/Jonathan%20of%20Cont%C3%A9*s*Josiane%20Rittevon,r
Jessamine of Queenscove,11,/tags/Jessamine%20of%20Queenscove,c
Alanna of Pirate's Swoop and Olau/Thayet jian Wilima,13,/tags/Alanna%20of%20Pirate's%20Swoop%20and%20Olau*s*Thayet%20jian%20Wilima,r
Eiralys of Cavall/Marek Swiftknife,2,/tags/Eiralys%20of%20Cavall*s*Marek%20Swiftknife,r
Elenna of Trebond,2,/tags/Elenna%20of%20Trebond,c
Rose of Trebond,3,/tags/Rose%20of%20Trebond,c
Jaquetta of Naxen,2,/tags/Jaquetta%20of%20Naxen,c
Eiralys of Cavall,8,/tags/Eiralys%20of%20Cavall,c
Zenoby of Naxen,3,/tags/Zenoby%20of%20Naxen,c
Alinna of Trebond,5,/tags/Alinna%20of%20Trebond,c
Sunarine of Cavall,5,/tags/Sunarine%20of%20Cavall,c
Cathrea of Cavall,6,/tags/Cathrea%20of%20Cavall,c
Thayine of Trebond,4,/tags/Thayine%20of%20Trebond,c
Alianne Cooper/Nealan of Queenscove,1,/tags/Alianne%20Cooper*s*Nealan%20of%20Queenscove,r
Keladry of Mindelan/Marek Swiftknife,1,/tags/Keladry%20of%20Mindelan*s*Marek%20Swiftknife,r
Lerant of Eldorne/Thayine of Trebond,2,/tags/Lerant%20of%20Eldorne*s*Thayine%20of%20Trebond,r
Geoffrey of Naxen,1,/tags/Geoffrey%20of%20Naxen,c
Alianne Cooper/Lerant of Eldorne,1,/tags/Alianne%20Cooper*s*Lerant%20of%20Eldorne,r
Kalasin jian Wilima/Briar Moss,1,/tags/Kalasin%20jian%20Wilima*s*Briar%20Moss,r
Lianne II of Conté/Thom of Pirate's Swoop,1,/tags/Lianne%20II%20of%20Cont%C3%A9*s*Thom%20of%20Pirate's%20Swoop,r
Thomsen of Trebond,5,/tags/Thomsen%20of%20Trebond,c
Buran of Trebond,1,/tags/Buran%20of%20Trebond,c
Beka Cooper/Aniki Forfrysning,0,/tags/Beka%20Cooper*s*Aniki%20Forfrysning,r
Domitan of Masbolle/Vania of Conté,0,/tags/Domitan%20of%20Masbolle*s*Vania%20of%20Cont%C3%A9,r
Alianne Cooper/Domitan of Masbolle,0,/tags/Alianne%20Cooper*s*Domitan%20of%20Masbolle,r
Faleron of King's Reach/Lianne II of Conté,0,/tags/Faleron%20of%20King's%20Reach*s*Lianne%20II%20of%20Cont%C3%A9,r
Keladry of Mindelan/Liam of Conté,0,/tags/Keladry%20of%20Mindelan*s*Liam%20of%20Cont%C3%A9,r
Alianne Cooper/Taybur Sibigat,7,/tags/Alianne%20Cooper*s*Taybur%20Sibigat,r
Delia of Eldorne/Shinkokami of Conté,1,/tags/Delia%20of%20Eldorne*s*Shinkokami%20of%20Cont%C3%A9,r
Alexander of Tirragen/Shinkokami of Conté,1,/tags/Alexander%20of%20Tirragen*s*Shinkokami%20of%20Cont%C3%A9,r
Scanran War,18,/tags/Scanran%20War,f
Kylaia al Jmaa,2,/tags/Kylaia%20al%20Jmaa,c
Joesh Valany,1,/tags/Joesh%20Valany,c
Hakkon Falconer,2,/tags/Hakkon%20Falconer,c
Gareth of Conté,13,/tags/Gareth%20of%20Cont%C3%A9,c
Jessamine of Conté,15,/tags/Jessamine%20of%20Cont%C3%A9,c
Roger II of Conté,20,/tags/Roger%20II%20of%20Cont%C3%A9,c
Baird III of Conté,0,/tags/Baird%20III%20of%20Cont%C3%A9,c
Evin Larse/Miri (Tortall),4,/tags/Evin%20Larse*s*Miri%20(Tortall),r
Alinna of Trebond/Liam of Conté,1,/tags/Alinna%20of%20Trebond*s*Liam%20of%20Cont%C3%A9,r
Geoffrey of Naxen/Vania of Conté,0,/tags/Geoffrey%20of%20Naxen*s*Vania%20of%20Cont%C3%A9,r
Gainel (Tortall),2,/tags/Gainel%20(Tortall),c
Alinna of Trebond/Evin Larse,0,/tags/Alinna%20of%20Trebond*s*Evin%20Larse,r
Jasson II of Conté/Rose of Trebond,1,/tags/Jasson%20II%20of%20Cont%C3%A9*s*Rose%20of%20Trebond,r
Lerant of Eldorne/Lianne II of Conté,1,/tags/Lerant%20of%20Eldorne*s*Lianne%20II%20of%20Cont%C3%A9,r
Lerant of Eldorne/Lianne II of Conté/Vania of Conté,0,/tags/Lerant%20of%20Eldorne*s*Lianne%20II%20of%20Cont%C3%A9*s*Vania%20of%20Cont%C3%A9,r
Tahoi (Tortall),3,/tags/Tahoi%20(Tortall),c
Dovasary Balitang & Taybur Sibigat,3,/tags/Dovasary%20Balitang%20*a*%20Taybur%20Sibigat,r
Daran of Trebond,1,/tags/Daran%20of%20Trebond,c
Nealan of Queenscove/Uline of Hannalof,0,/tags/Nealan%20of%20Queenscove*s*Uline%20of%20Hannalof,r
Lalasa Isran/Keladry of Mindelan/Tianine Plowman,0,/tags/Lalasa%20Isran*s*Keladry%20of%20Mindelan*s*Tianine%20Plowman,r
Zahir ibn Alhaz/Keladry of Mindelan,2,/tags/Zahir%20ibn%20Alhaz*s*Keladry%20of%20Mindelan,r
Zahir ibn Alhaz/Seaver of Tasride,0,/tags/Zahir%20ibn%20Alhaz*s*Seaver%20of%20Tasride,r
Oranie of Mindelan,1,/tags/Oranie%20of%20Mindelan,c
Keladry of Mindelan & Nealan of Queenscove,56,/tags/Keladry%20of%20Mindelan%20*a*%20Nealan%20of%20Queenscove,r
Jonathan of Conté/Raoul of Goldenlake and Malorie's Peak,11,/tags/Jonathan%20of%20Cont%C3%A9*s*Raoul%20of%20Goldenlake%20and%20Malorie's%20Peak,r
Kuri Taylor,1,/tags/Kuri%20Taylor,c
Harailt of Aili,13,/tags/Harailt%20of%20Aili,c
Tamora Pierce Femslash Week,2,/tags/Tamora%20Pierce%20Femslash%20Week,f
Gemma Noll,1,/tags/Gemma%20Noll,c
Alianne Cooper/Junai Dodeka,1,/tags/Alianne%20Cooper*s*Junai%20Dodeka,r
Tobeis Boon/Original Male Character(s),0,/tags/Tobeis%20Boon*s*Original%20Male%20Character(s),r
Keladry of Mindelan/Original Female Character(s),1,/tags/Keladry%20of%20Mindelan*s*Original%20Female%20Character(s),r
Alexander of Tirragen/Myles of Olau,0,/tags/Alexander%20of%20Tirragen*s*Myles%20of%20Olau,r
Alexander of Tirragen/Roger of Conté,45,/tags/Alexander%20of%20Tirragen*s*Roger%20of%20Cont%C3%A9,r
Gary of Naxen/Jonathan of Conté,1,/tags/Gary%20of%20Naxen*s*Jonathan%20of%20Cont%C3%A9,r
Fazia Iliniat/Kalasin of Conté,0,/tags/Fazia%20Iliniat*s*Kalasin%20of%20Cont%C3%A9,r
Numair Salmalín/Buriram Tourakom,0,/tags/Numair%20Salmal%C3%ADn*s*Buriram%20Tourakom,r
Numair Salmalín/Original Character(s),1,/tags/Numair%20Salmal%C3%ADn*s*Original%20Character(s),r
The Tamora Pierce Experiment Challenge,5,/tags/The%20Tamora%20Pierce%20Experiment%20Challenge,f
Gower Isran,2,/tags/Gower%20Isran,c
Fazia Iliniat/Roger of Conté,0,/tags/Fazia%20Iliniat*s*Roger%20of%20Cont%C3%A9,r
Kaddar Iliniat/Kalasin of Conté,51,/tags/Kaddar%20Iliniat*s*Kalasin%20of%20Cont%C3%A9,r
Black God/Keladry of Mindelan,0,/tags/Black%20God*s*Keladry%20of%20Mindelan,r
Alanna of Pirate's Swoop and Olau/Original Female Character(s),0,/tags/Alanna%20of%20Pirate's%20Swoop%20and%20Olau*s*Original%20Female%20Character(s),r
Kara/Halef Seif,3,/tags/Kara*s*Halef%20Seif,r
Keladry of Mindelan/Original Male Character(s),2,/tags/Keladry%20of%20Mindelan*s*Original%20Male%20Character(s),r
Raoul of Goldenlake and Malorie's Peak/Original Male Character(s),1,/tags/Raoul%20of%20Goldenlake%20and%20Malorie's%20Peak*s*Original%20Male%20Character(s),r
Zahir ibn Alhaz/Original Female Character(s),0,/tags/Zahir%20ibn%20Alhaz*s*Original%20Female%20Character(s),r
Nealan of Queenscove/Veralidaine Sarrasri,2,/tags/Nealan%20of%20Queenscove*s*Veralidaine%20Sarrasri,r
Keladry of Mindelan & Wyldon of Cavall,11,/tags/Keladry%20of%20Mindelan%20*a*%20Wyldon%20of%20Cavall,r
Alanna of Pirate's Swoop and Olau/Original Character(s),0,/tags/Alanna%20of%20Pirate's%20Swoop%20and%20Olau*s*Original%20Character(s),r
Alexander of Tirragen/Original Character(s),1,/tags/Alexander%20of%20Tirragen*s*Original%20Character(s),r
Gary of Naxen/Original Character(s),0,/tags/Gary%20of%20Naxen*s*Original%20Character(s),r
Raoul of Goldenlake and Malorie's Peak/Original Character(s),0,/tags/Raoul%20of%20Goldenlake%20and%20Malorie's%20Peak*s*Original%20Character(s),r
Varice Kingsford/Ozorne Muhassin Tasikhe,2,/tags/Varice%20Kingsford*s*Ozorne%20Muhassin%20Tasikhe,r
Rikash Moonsword/Thom of Trebond,1,/tags/Rikash%20Moonsword*s*Thom%20of%20Trebond,r
Tkaa (Tortall),9,/tags/Tkaa%20(Tortall),c
Anders of Mindelan,8,/tags/Anders%20of%20Mindelan,c
Onua Chamtong & Veralidaine Sarrasri,9,/tags/Onua%20Chamtong%20*a*%20Veralidaine%20Sarrasri,r
Zahir ibn Alhaz/Thayet jian Wilima,1,/tags/Zahir%20ibn%20Alhaz*s*Thayet%20jian%20Wilima,r
Myles of Olau/Eleni Cooper,7,/tags/Myles%20of%20Olau*s*Eleni%20Cooper,r
George Cooper/Raoul of Goldenlake and Malorie's Peak,1,/tags/George%20Cooper*s*Raoul%20of%20Goldenlake%20and%20Malorie's%20Peak,r
Dovasary Balitang/Daja Kisubo,2,/tags/Dovasary%20Balitang*s*Daja%20Kisubo,r
Immortals War,11,/tags/Immortals%20War,f
Liam of Conté/Thayine of Trebond,1,/tags/Liam%20of%20Cont%C3%A9*s*Thayine%20of%20Trebond,r
Keladry of Mindelan/Skye | Daisy Johnson,0,/tags/Keladry%20of%20Mindelan*s*Skye%20%7C%20Daisy%20Johnson,r
Roger of Conté/Wyldon of Cavall,0,/tags/Roger%20of%20Cont%C3%A9*s*Wyldon%20of%20Cavall,r
Veralidaine Sarrasri/Original Character(s),0,/tags/Veralidaine%20Sarrasri*s*Original%20Character(s),r
Alan of Pirate's Swoop & Thom of Pirate's Swoop,2,/tags/Alan%20of%20Pirate's%20Swoop%20*a*%20Thom%20of%20Pirate's%20Swoop,r
Vanget haMinch,4,/tags/Vanget%20haMinch,c
Keladry of Mindelan/Lianne II of Conté,0,/tags/Keladry%20of%20Mindelan*s*Lianne%20II%20of%20Cont%C3%A9,r
Wyldon of Cavall/Buriram Tourakom,0,/tags/Wyldon%20of%20Cavall*s*Buriram%20Tourakom,r
Faithful (Tortall),24,/tags/Faithful%20(Tortall),c
Ali Mukhtab (Tortall),14,/tags/Ali%20Mukhtab%20(Tortall),c
Alanna of Pirate's Swoop and Olau & Thom of Trebond,26,/tags/Alanna%20of%20Pirate's%20Swoop%20and%20Olau%20*a*%20Thom%20of%20Trebond,r
Alanna of Pirate's Swoop and Olau/Kylaia al Jmaa,1,/tags/Alanna%20of%20Pirate's%20Swoop%20and%20Olau*s*Kylaia%20al%20Jmaa,r
Onua Chamtong/Veralidaine Sarrasri,1,/tags/Onua%20Chamtong*s*Veralidaine%20Sarrasri,r
Keladry of Mindelan/Shinkokami of Conté,3,/tags/Keladry%20of%20Mindelan*s*Shinkokami%20of%20Cont%C3%A9,r
Varice Kingsford/Veralidaine Sarrasri,0,/tags/Varice%20Kingsford*s*Veralidaine%20Sarrasri,r
Cloud & Numair Salmalín,0,/tags/Cloud%20*a*%20Numair%20Salmal%C3%ADn,r
Faleron of King's Reach/Vania of Conté,0,/tags/Faleron%20of%20King's%20Reach*s*Vania%20of%20Cont%C3%A9,r
Mari Fahrar,2,/tags/Mari%20Fahrar,c
Alanna of Pirate's Swoop and Olau & Numair Salmalín,17,/tags/Alanna%20of%20Pirate's%20Swoop%20and%20Olau%20*a*%20Numair%20Salmal%C3%ADn,r
Raoul of Goldenlake and Malorie's Peak & Numair Salmalín,1,/tags/Raoul%20of%20Goldenlake%20and%20Malorie's%20Peak%20*a*%20Numair%20Salmal%C3%ADn,r
Alanna of Pirate's Swoop and Olau & Nealan of Queenscove,17,/tags/Alanna%20of%20Pirate's%20Swoop%20and%20Olau%20*a*%20Nealan%20of%20Queenscove,r
Lerant of Eldorne/Wolset,1,/tags/Lerant%20of%20Eldorne*s*Wolset,r
Alan of Pirate's Swoop/Liam of Conté,2,/tags/Alan%20of%20Pirate's%20Swoop*s*Liam%20of%20Cont%C3%A9,r
Burchard of Stone Mountain,6,/tags/Burchard%20of%20Stone%20Mountain,c
Carthak,48,/tags/Carthak,f
Amman Kemail,1,/tags/Amman%20Kemail,c
Volorin (Tortall),0,/tags/Volorin%20(Tortall),c
Oron Rittevon,0,/tags/Oron%20Rittevon,c
Roger of Conté/Original Character(s),0,/tags/Roger%20of%20Cont%C3%A9*s*Original%20Character(s),r
Raoul of Goldenlake and Malorie's Peak/Josiane Rittevon,0,/tags/Raoul%20of%20Goldenlake%20and%20Malorie's%20Peak*s*Josiane%20Rittevon,r
Ilane of Mindelan/Piers of Mindelan,3,/tags/Ilane%20of%20Mindelan*s*Piers%20of%20Mindelan,r
Keladry of Mindelan & Raoul of Goldenlake and Malorie's Peak,24,/tags/Keladry%20of%20Mindelan%20*a*%20Raoul%20of%20Goldenlake%20and%20Malorie's%20Peak,r
Keladry of Mindelan/Other(s),0,/tags/Keladry%20of%20Mindelan*s*Other(s),r
Lianne II of Conté/Other(s),1,/tags/Lianne%20II%20of%20Cont%C3%A9*s*Other(s),r
Tobeis Boon & Keladry of Mindelan,8,/tags/Tobeis%20Boon%20*a*%20Keladry%20of%20Mindelan,r
Fianola/Vania of Conté,0,/tags/Fianola*s*Vania%20of%20Cont%C3%A9,r
Miri/Veralidaine Sarrasri,0,/tags/Miri*s*Veralidaine%20Sarrasri,r
Dovasary Balitang/Original Male Character(s),0,/tags/Dovasary%20Balitang*s*Original%20Male%20Character(s),r
Beka Cooper/Original Character(s),1,/tags/Beka%20Cooper*s*Original%20Character(s),r
Maura of Dunlath/Original Character(s),0,/tags/Maura%20of%20Dunlath*s*Original%20Character(s),r
Sarralyn Salmalín/Original Character(s),1,/tags/Sarralyn%20Salmal%C3%ADn*s*Original%20Character(s),r
Alanna of Pirate's Swoop and Olau & Thayet jian Wilima,7,/tags/Alanna%20of%20Pirate's%20Swoop%20and%20Olau%20*a*%20Thayet%20jian%20Wilima,r
Alianne Cooper & Taybur Sibigat,2,/tags/Alianne%20Cooper%20*a*%20Taybur%20Sibigat,r
Faleron of King's Reach/Owen of Jesslaw,0,/tags/Faleron%20of%20King's%20Reach*s*Owen%20of%20Jesslaw,r
Dovasary Balitang & Kyprioth,1,/tags/Dovasary%20Balitang%20*a*%20Kyprioth,r
Lachran of Mindelan,1,/tags/Lachran%20of%20Mindelan,c
Book: Emperor Mage,7,/tags/Book:%20Emperor%20Mage,f
Book: Lady Knight,8,/tags/Book:%20Lady%20Knight,f
Book: The Realms of the Gods,1,/tags/Book:%20The%20Realms%20of%20the%20Gods,f
Series: Protector of the Small,28,/tags/Series:%20Protector%20of%20the%20Small,f
Series: Provost's Dog,4,/tags/Series:%20Provost's%20Dog,f
Story: Student of Ostriches,0,/tags/Story:%20Student%20of%20Ostriches,f
Series: Daughter of the Lioness | Tricksters,7,/tags/Series:%20Daughter%20of%20the%20Lioness%20%7C%20Tricksters,f
Series: The Song of the Lioness,22,/tags/Series:%20The%20Song%20of%20the%20Lioness,f
Domitan of Masbolle & Keladry of Mindelan,8,/tags/Domitan%20of%20Masbolle%20*a*%20Keladry%20of%20Mindelan,r
Book: The Woman Who Rides Like a Man,1,/tags/Book:%20The%20Woman%20Who%20Rides%20Like%20a%20Man,f
Alan of Pirate's Swoop/Keladry of Mindelan,1,/tags/Alan%20of%20Pirate's%20Swoop*s*Keladry%20of%20Mindelan,r
Alan of Pirate's Swoop/Original Female Character(s),1,/tags/Alan%20of%20Pirate's%20Swoop*s*Original%20Female%20Character(s),r
Book: Lioness Rampant,7,/tags/Book:%20Lioness%20Rampant,f
Aufrec (Tortall),0,/tags/Aufrec%20(Tortall),c
Alexander of Tirragen/Gary of Naxen,1,/tags/Alexander%20of%20Tirragen*s*Gary%20of%20Naxen,r
Port Caynn,7,/tags/Port%20Caynn,f
Ochobai Crow,1,/tags/Ochobai%20Crow,c
Alexander of Tirragen/Francis of Nond,1,/tags/Alexander%20of%20Tirragen*s*Francis%20of%20Nond,r
Domitan of Masbolle & Nealan of Queenscove,6,/tags/Domitan%20of%20Masbolle%20*a*%20Nealan%20of%20Queenscove,r
Dovasary Balitang & Saraiyu Balitang,0,/tags/Dovasary%20Balitang%20*a*%20Saraiyu%20Balitang,r
Saraiyu Balitang & Kalasin of Conté,2,/tags/Saraiyu%20Balitang%20*a*%20Kalasin%20of%20Cont%C3%A9,r
Akhnan ibn Nazzir,1,/tags/Akhnan%20ibn%20Nazzir,c
Rikash Moonsword & Veralidaine Sarrasri,4,/tags/Rikash%20Moonsword%20*a*%20Veralidaine%20Sarrasri,r
Alexander of Tirragen & Delia of Eldorne,1,/tags/Alexander%20of%20Tirragen%20*a*%20Delia%20of%20Eldorne,r
Aniki Forfrysning & Rosto the Piper,1,/tags/Aniki%20Forfrysning%20*a*%20Rosto%20the%20Piper,r
Francis of Nond/Raoul of Goldenlake and Malorie's Peak,0,/tags/Francis%20of%20Nond*s*Raoul%20of%20Goldenlake%20and%20Malorie's%20Peak,r
Alexander of Tirragen & Alanna of Trebond,7,/tags/Alexander%20of%20Tirragen%20*a*%20Alanna%20of%20Trebond,r
Oinomi Wavewalker,1,/tags/Oinomi%20Wavewalker,c
Numair Salmalín & Thom of Trebond,5,/tags/Numair%20Salmal%C3%ADn%20*a*%20Thom%20of%20Trebond,r
Domitan of Masbolle's Squad,19,/tags/Domitan%20of%20Masbolle's%20Squad,c
Peachblossom/Original Character,0,/tags/Peachblossom*s*Original%20Character,r
Keladry of Mindelan & Peachblossom,1,/tags/Keladry%20of%20Mindelan%20*a*%20Peachblossom,r
Stormwing/Original Character,0,/tags/Stormwing*s*Original%20Character,r
Myles of Olau & Alexander of Tirragen,0,/tags/Myles%20of%20Olau%20*a*%20Alexander%20of%20Tirragen,r
Alexander of Tirragen & Original Character(s),0,/tags/Alexander%20of%20Tirragen%20*a*%20Original%20Character(s),r
Dovasary Balitang & Alianne Cooper,2,/tags/Dovasary%20Balitang%20*a*%20Alianne%20Cooper,r
Joren of Stone Mountain/Zahir ibn Alhaz,1,/tags/Joren%20of%20Stone%20Mountain*s*Zahir%20ibn%20Alhaz,r
Zahir ibn Alhaz & Jonathan of Conté,2,/tags/Zahir%20ibn%20Alhaz%20*a*%20Jonathan%20of%20Cont%C3%A9,r
Jonathan of Conte & Zahir ibn Alhaz,3,/tags/Jonathan%20of%20Conte%20*a*%20Zahir%20ibn%20Alhaz,r
Gilmyn of Naxen,5,/tags/Gilmyn%20of%20Naxen,c
Keladry of Mindelan/Original Character(s),0,/tags/Keladry%20of%20Mindelan*s*Original%20Character(s),r
Jonathan of Conté & Raoul of Goldenlake and Malorie's Peak,2,/tags/Jonathan%20of%20Cont%C3%A9%20*a*%20Raoul%20of%20Goldenlake%20and%20Malorie's%20Peak,r
Keladry of Mindelan & Veralidaine Sarrasri,2,/tags/Keladry%20of%20Mindelan%20*a*%20Veralidaine%20Sarrasri,r
Eleni Cooper (Tortall),19,/tags/Eleni%20Cooper%20(Tortall),c
Raoul of Goldenlake and Malorie's Peak/Hakuin Seastone,5,/tags/Raoul%20of%20Goldenlake%20and%20Malorie's%20Peak*s*Hakuin%20Seastone,r
Imrah of Legann & Marielle of Legann,1,/tags/Imrah%20of%20Legann%20*a*%20Marielle%20of%20Legann,r
Marielle of Legann,5,/tags/Marielle%20of%20Legann,c
Corus (Tortall),15,/tags/Corus%20(Tortall),f
Yvenne (Tortall),1,/tags/Yvenne%20(Tortall),c
Padraig haMinch,8,/tags/Padraig%20haMinch,c
Chisakami (Tortall),0,/tags/Chisakami%20(Tortall),c
Alanna of Pirate's Swoop and Olau & Jonathan of Conté,15,/tags/Alanna%20of%20Pirate's%20Swoop%20and%20Olau%20*a*%20Jonathan%20of%20Cont%C3%A9,r
Alanna of Pirate's Swoop and Olau & Keladry of Mindelan,9,/tags/Alanna%20of%20Pirate's%20Swoop%20and%20Olau%20*a*%20Keladry%20of%20Mindelan,r
Alanna of Pirate's Swoop and Olau & Veralidaine Sarrasri,5,/tags/Alanna%20of%20Pirate's%20Swoop%20and%20Olau%20*a*%20Veralidaine%20Sarrasri,r
Alanna of Pirate's Swoop and Olau & Raoul of Goldenlake and Malorie's Peak,11,/tags/Alanna%20of%20Pirate's%20Swoop%20and%20Olau%20*a*%20Raoul%20of%20Goldenlake%20and%20Malorie's%20Peak,r
Coram Smythesson & Thom of Trebond,2,/tags/Coram%20Smythesson%20*a*%20Thom%20of%20Trebond,r
Imrah of Legann/Marielle of Legann,2,/tags/Imrah%20of%20Legann*s*Marielle%20of%20Legann,r
Loesia (Tortall),1,/tags/Loesia%20(Tortall),c
Tobeis Boon/Loesia,1,/tags/Tobeis%20Boon*s*Loesia,r
Jonathan of Conté & Buriram Tourakom,0,/tags/Jonathan%20of%20Cont%C3%A9%20*a*%20Buriram%20Tourakom,r
Kalasin of Conté/Thom of Pirate's Swoop,1,/tags/Kalasin%20of%20Cont%C3%A9*s*Thom%20of%20Pirate's%20Swoop,r
Kalasin of Conté/Shinkokami of Conté,1,/tags/Kalasin%20of%20Cont%C3%A9*s*Shinkokami%20of%20Cont%C3%A9,r
King's Own,11,/tags/King's%20Own,f
Hamrath of King's Reach,0,/tags/Hamrath%20of%20King's%20Reach,c
Eitaro noh Nakuji,0,/tags/Eitaro%20noh%20Nakuji,c
Martin of Meron,3,/tags/Martin%20of%20Meron,c
Inness of Mindelan,3,/tags/Inness%20of%20Mindelan,c
Musenda Ogunsanwo | Sarge,14,/tags/Musenda%20Ogunsanwo%20%7C%20Sarge,c
Ilom Chioké,5,/tags/Ilom%20Chiok%C3%A9,c
Mahira Tasikhe,1,/tags/Mahira%20Tasikhe,c
Numair Salmalín & Veralidaine Sarrasri,34,/tags/Numair%20Salmal%C3%ADn%20*a*%20Veralidaine%20Sarrasri,r
Raoul of Goldenlake and Malorie's Peak & Flyndan Whiteford,2,/tags/Raoul%20of%20Goldenlake%20and%20Malorie's%20Peak%20*a*%20Flyndan%20Whiteford,r
Alexander of Tirragen/Geoffrey of Meron,4,/tags/Alexander%20of%20Tirragen*s*Geoffrey%20of%20Meron,r
Daneline of Jesslaw,3,/tags/Daneline%20of%20Jesslaw,c
Copper Isles,13,/tags/Copper%20Isles,f
Gissa of Rachne,1,/tags/Gissa%20of%20Rachne,c
Callum Larse,1,/tags/Callum%20Larse,c
Alanna of Pirate's Swoop and Olau & Buriram Tourakom,4,/tags/Alanna%20of%20Pirate's%20Swoop%20and%20Olau%20*a*%20Buriram%20Tourakom,r
Book: Tempests and Slaughter,5,/tags/Book:%20Tempests%20and%20Slaughter,f
Farda (Tortall),0,/tags/Farda%20(Tortall),c
Qiom (Tortall),0,/tags/Qiom%20(Tortall),c
Si-cham (Tortall),2,/tags/Si-cham%20(Tortall),c
Weiryn (Tortall),8,/tags/Weiryn%20(Tortall),c
Fadala (Tortall),0,/tags/Fadala%20(Tortall),c
Happy (Tortall),0,/tags/Happy%20(Tortall),c
Haden (Tortall),1,/tags/Haden%20(Tortall),c
Truda (Tortall),0,/tags/Truda%20(Tortall),c
Ramasu (Tortall),3,/tags/Ramasu%20(Tortall),c
Onestu (Tortall),0,/tags/Onestu%20(Tortall),c
Mynoss (Tortall),0,/tags/Mynoss%20(Tortall),c
Cosmas Sunyat,1,/tags/Cosmas%20Sunyat,c
Shakith (Tortall),0,/tags/Shakith%20(Tortall),c
Alexander of Tirragen/Numair Salmalín,1,/tags/Alexander%20of%20Tirragen*s*Numair%20Salmal%C3%ADn,r
Gary of Naxen/Roxanne of Haryse,0,/tags/Gary%20of%20Naxen*s*Roxanne%20of%20Haryse,r
Evin Larse/Veralidaine Sarrasri,0,/tags/Evin%20Larse*s*Veralidaine%20Sarrasri,r
Varice Kingsford/Numair Salmalín/Ozorne Muhassin Tasikhe,4,/tags/Varice%20Kingsford*s*Numair%20Salmal%C3%ADn*s*Ozorne%20Muhassin%20Tasikhe,r
Eda Bell & Wyldon of Cavall,0,/tags/Eda%20Bell%20*a*%20Wyldon%20of%20Cavall,r
Eda Bell & Hakuin Seastone,1,/tags/Eda%20Bell%20*a*%20Hakuin%20Seastone,r
Hakuin Seastone & Wyldon of Cavall,0,/tags/Hakuin%20Seastone%20*a*%20Wyldon%20of%20Cavall,r
Dovasary Balitang/Original Character(s),0,/tags/Dovasary%20Balitang*s*Original%20Character(s),r
Lalasa Isran/Vinson of Genlith,0,/tags/Lalasa%20Isran*s*Vinson%20of%20Genlith,r
Ramasu (Tortall)/Original Character(s),0,/tags/Ramasu%20(Tortall)*s*Original%20Character(s),r
Onestu/Ramasu (Tortall),0,/tags/Onestu*s*Ramasu%20(Tortall),r
Daneline of Jesslaw/Jasson I of Conté,2,/tags/Daneline%20of%20Jesslaw*s*Jasson%20I%20of%20Cont%C3%A9,r
Delia of Eldorne/Gareth I of Naxen,0,/tags/Delia%20of%20Eldorne*s*Gareth%20I%20of%20Naxen,r
Alan of Trebond/Marinie of Trebond,3,/tags/Alan%20of%20Trebond*s*Marinie%20of%20Trebond,r
Roger II of Conté/Jessamine of Conté,12,/tags/Roger%20II%20of%20Cont%C3%A9*s*Jessamine%20of%20Cont%C3%A9,r
Alysy of Conté,5,/tags/Alysy%20of%20Cont%C3%A9,c
Ironwood of Sinthya,1,/tags/Ironwood%20of%20Sinthya,c
Timon Greendale,2,/tags/Timon%20Greendale,c
Saraiyu Balitang/Bronau Jimajen,1,/tags/Saraiyu%20Balitang*s*Bronau%20Jimajen,r
Bronau Jimajen,1,/tags/Bronau%20Jimajen,c
Delia of Eldorne & Thom of Trebond,4,/tags/Delia%20of%20Eldorne%20*a*%20Thom%20of%20Trebond,r
Delia of Eldorne & Raoul of Goldenlake and Malorie's Peak,1,/tags/Delia%20of%20Eldorne%20*a*%20Raoul%20of%20Goldenlake%20and%20Malorie's%20Peak,r
Alanna of Pirate's Swoop and Olau & Baird of Queenscove,1,/tags/Alanna%20of%20Pirate's%20Swoop%20and%20Olau%20*a*%20Baird%20of%20Queenscove,r
Goldenlake Wishing Tree,4,/tags/Goldenlake%20Wishing%20Tree,f
Gershom of Haryse/Teodorie of Haryse,1,/tags/Gershom%20of%20Haryse*s*Teodorie%20of%20Haryse,r
Teodorie of Haryse,2,/tags/Teodorie%20of%20Haryse,c
Yolane of Dunlath,6,/tags/Yolane%20of%20Dunlath,c
Barzha Razorwing,1,/tags/Barzha%20Razorwing,c
Hebakh Razorwing,1,/tags/Hebakh%20Razorwing,c
Jachull of Mortal Fear,1,/tags/Jachull%20of%20Mortal%20Fear,c
Gary of Naxen & Roanna of Naxen,1,/tags/Gary%20of%20Naxen%20*a*%20Roanna%20of%20Naxen,r
Raoul of Goldenlake and Malorie's Peak & Lindhall Reed,1,/tags/Raoul%20of%20Goldenlake%20and%20Malorie's%20Peak%20*a*%20Lindhall%20Reed,r
Gary of Naxen & Thayet jian Wilima,1,/tags/Gary%20of%20Naxen%20*a*%20Thayet%20jian%20Wilima,r
Pearl Skinner,0,/tags/Pearl%20Skinner,c
Joren of Stone Mountain/Nealan of Queenscove,2,/tags/Joren%20of%20Stone%20Mountain*s*Nealan%20of%20Queenscove,r
Alanna of Pirate's Swoop and Olau & Coram Smythesson,4,/tags/Alanna%20of%20Pirate's%20Swoop%20and%20Olau%20*a*%20Coram%20Smythesson,r
Zaimid Hetnim/Kalasin of Conté,1,/tags/Zaimid%20Hetnim*s*Kalasin%20of%20Cont%C3%A9,r
Coram Smythesson/Maude Tanner,1,/tags/Coram%20Smythesson*s*Maude%20Tanner,r
Cleon of Kennan/Garvey of Runnerspring,1,/tags/Cleon%20of%20Kennan*s*Garvey%20of%20Runnerspring,r
Book: Wolf Speaker,1,/tags/Book:%20Wolf%20Speaker,f
Uusoae (Tortall),1,/tags/Uusoae%20(Tortall),c
Chenaol (Tortall),1,/tags/Chenaol%20(Tortall),c
Brokefang (Tortall),2,/tags/Brokefang%20(Tortall),c
Verene (Tortall),1,/tags/Verene%20(Tortall),c
Diamondflame (Tortall),1,/tags/Diamondflame%20(Tortall),c
Marinie of Trebond,1,/tags/Marinie%20of%20Trebond,c
Alysy of Conté/Roger II of Conté,0,/tags/Alysy%20of%20Cont%C3%A9*s*Roger%20II%20of%20Cont%C3%A9,r
Liam of Conté/Original Character(s),0,/tags/Liam%20of%20Cont%C3%A9*s*Original%20Character(s),r
Cythera of Naxen & Delia of Eldorne,1,/tags/Cythera%20of%20Naxen%20*a*%20Delia%20of%20Eldorne,r
Cythera of Naxen & Lianne I of Conté,0,/tags/Cythera%20of%20Naxen%20*a*%20Lianne%20I%20of%20Cont%C3%A9,r
Douglass of Veldine & Maura of Dunlath,2,/tags/Douglass%20of%20Veldine%20*a*%20Maura%20of%20Dunlath,r
Onua Chamtong/Musenda Ogunsanwo | Sarge,0,/tags/Onua%20Chamtong*s*Musenda%20Ogunsanwo%20%7C%20Sarge,r
Turomot of Wellam,1,/tags/Turomot%20of%20Wellam,c
Delia of Eldorne & Thayet jian Wilima,1,/tags/Delia%20of%20Eldorne%20*a*%20Thayet%20jian%20Wilima,r
Alan of Pirate's Swoop & Alanna of Pirate's Swoop and Olau,0,/tags/Alan%20of%20Pirate's%20Swoop%20*a*%20Alanna%20of%20Pirate's%20Swoop%20and%20Olau,r
Keladry of Mindelan & Seaver of Tasride,2,/tags/Keladry%20of%20Mindelan%20*a*%20Seaver%20of%20Tasride,r
Keladry of Mindelan & Ilane of Mindelan & Piers of Mindelan,1,/tags/Keladry%20of%20Mindelan%20*a*%20Ilane%20of%20Mindelan%20*a*%20Piers%20of%20Mindelan,r
Alanna of Pirate's Swoop and Olau & Seaver of Tasride,0,/tags/Alanna%20of%20Pirate's%20Swoop%20and%20Olau%20*a*%20Seaver%20of%20Tasride,r
Roger II of Conté/Sabine of Macayhill,0,/tags/Roger%20II%20of%20Cont%C3%A9*s*Sabine%20of%20Macayhill,r
Winnamine Balitang & Taybur Sibigat,1,/tags/Winnamine%20Balitang%20*a*%20Taybur%20Sibigat,r
Alanna of Pirate's Swoop and Olau & Myles of Olau,2,/tags/Alanna%20of%20Pirate's%20Swoop%20and%20Olau%20*a*%20Myles%20of%20Olau,r
Lunedda (Tortall),0,/tags/Lunedda%20(Tortall),c
Hobard Elbridge,0,/tags/Hobard%20Elbridge,c
Fulcher (Tortall),2,/tags/Fulcher%20(Tortall),c
Lofren (Tortall),0,/tags/Lofren%20(Tortall),c
Book: Wild Magic,5,/tags/Book:%20Wild%20Magic,f
Jonathan of Conté & Thom of Trebond,3,/tags/Jonathan%20of%20Cont%C3%A9%20*a*%20Thom%20of%20Trebond,r
Gary of Naxen & Keladry of Mindelan,0,/tags/Gary%20of%20Naxen%20*a*%20Keladry%20of%20Mindelan,r
Clara Goodwin & Matthias Tunstall,1,/tags/Clara%20Goodwin%20*a*%20Matthias%20Tunstall,r
Beka Cooper & Clara Goodwin,1,/tags/Beka%20Cooper%20*a*%20Clara%20Goodwin,r
Beka Cooper & Matthias Tunstall,0,/tags/Beka%20Cooper%20*a*%20Matthias%20Tunstall,r
Junim Crow,1,/tags/Junim%20Crow,c
Ulasu Crow,2,/tags/Ulasu%20Crow,c
Alanna of Pirate's Swoop and Olau & Gary of Naxen,6,/tags/Alanna%20of%20Pirate's%20Swoop%20and%20Olau%20*a*%20Gary%20of%20Naxen,r
Post-Book: The Woman Who Rides Like A Man,1,/tags/Post-Book:%20The%20Woman%20Who%20Rides%20Like%20A%20Man,f
George Cooper (Tortall),65,/tags/George%20Cooper%20(Tortall),c
Book: Tortall: A Spy's Guide,0,/tags/Book:%20Tortall:%20A%20Spy's%20Guide,f
Thom of Trebond & Everyone,1,/tags/Thom%20of%20Trebond%20*a*%20Everyone,r
Roald V of Conté,12,/tags/Roald%20V%20of%20Cont%C3%A9,c
George Cooper & Nealan of Queenscove,1,/tags/George%20Cooper%20*a*%20Nealan%20of%20Queenscove,r
Mequen Balitang/Winnamine Balitang,0,/tags/Mequen%20Balitang*s*Winnamine%20Balitang,r
Mequen Balitang,0,/tags/Mequen%20Balitang,c
Great Mother Goddess (Tortall),10,/tags/Great%20Mother%20Goddess%20(Tortall),c
Freckle (Tortall),1,/tags/Freckle%20(Tortall),c
Cleon of Kennan/Nealan of Queenscove,1,/tags/Cleon%20of%20Kennan*s*Nealan%20of%20Queenscove,r
Keladry of Mindelan & Merric of Hollyrose,1,/tags/Keladry%20of%20Mindelan%20*a*%20Merric%20of%20Hollyrose,r
Keladry of Mindelan & Owen of Jesslaw,0,/tags/Keladry%20of%20Mindelan%20*a*%20Owen%20of%20Jesslaw,r
Nealan of Queenscove & Owen of Jesslaw,1,/tags/Nealan%20of%20Queenscove%20*a*%20Owen%20of%20Jesslaw,r
Merric of Hollyrose & Nealan of Queenscove,0,/tags/Merric%20of%20Hollyrose%20*a*%20Nealan%20of%20Queenscove,r
Cleon of Kennan & Keladry of Mindelan,0,/tags/Cleon%20of%20Kennan%20*a*%20Keladry%20of%20Mindelan,r
Alanna of Pirate's Swoop and Olau & Eleni Cooper,3,/tags/Alanna%20of%20Pirate's%20Swoop%20and%20Olau%20*a*%20Eleni%20Cooper,r
George Cooper (Tortall)/Original Female Character(s),1,/tags/George%20Cooper%20(Tortall)*s*Original%20Female%20Character(s),r
George Cooper (Tortall)/Dan Rydell,0,/tags/George%20Cooper%20(Tortall)*s*Dan%20Rydell,r
Jess Brightwell & Nealan of Queenscove,1,/tags/Jess%20Brightwell%20*a*%20Nealan%20of%20Queenscove,r
Keladry of Mindelan/Carmen Sandiego | Black Sheep,0,/tags/Keladry%20of%20Mindelan*s*Carmen%20Sandiego%20%7C%20Black%20Sheep,r
Alanna of Pirate's Swoop and Olau & Beauregard Lionett,1,/tags/Alanna%20of%20Pirate's%20Swoop%20and%20Olau%20*a*%20Beauregard%20Lionett,r
Thom of Trebond & Original Female Character(s),4,/tags/Thom%20of%20Trebond%20*a*%20Original%20Female%20Character(s),r
Alanna of Pirate's Swoop and Olau & George Cooper,4,/tags/Alanna%20of%20Pirate's%20Swoop%20and%20Olau%20*a*%20George%20Cooper,r
Eleni Cooper & George Cooper (Tortall),1,/tags/Eleni%20Cooper%20*a*%20George%20Cooper%20(Tortall),r
Faleron of King's Reach/Original Female Character(s),0,/tags/Faleron%20of%20King's%20Reach*s*Original%20Female%20Character(s),r
George Cooper & Thayet jian Wilima,3,/tags/George%20Cooper%20*a*%20Thayet%20jian%20Wilima,r
Dusan zhir Anduo,2,/tags/Dusan%20zhir%20Anduo,c
Inspired by The Rigel Black Chronicles,932,/tags/Inspired%20by%20The%20Rigel%20Black%20Chronicles,f
Rigel Black Exchange,63,/tags/Rigel%20Black%20Exchange,f
Nealan of Queenscove & Original Character(s),0,/tags/Nealan%20of%20Queenscove%20*a*%20Original%20Character(s),r
Book: In the Hand of the Goddess,3,/tags/Book:%20In%20the%20Hand%20of%20the%20Goddess,f
Keladry of Mindelan/Harry Potter,1,/tags/Keladry%20of%20Mindelan*s*Harry%20Potter,r
Sarra Beneksri & Veralidaine Sarrasri,2,/tags/Sarra%20Beneksri%20*a*%20Veralidaine%20Sarrasri,r
Beka Cooper & Gareth of Conté,1,/tags/Beka%20Cooper%20*a*%20Gareth%20of%20Cont%C3%A9,r
Kalasin jian Wilima & Thayet jian Wilima,4,/tags/Kalasin%20jian%20Wilima%20*a*%20Thayet%20jian%20Wilima,r
Baird of Queenscove/Wilina of Queenscove,14,/tags/Baird%20of%20Queenscove*s*Wilina%20of%20Queenscove,r
Jonthair of Trebond,2,/tags/Jonthair%20of%20Trebond,c
Tullus of King's Reach,1,/tags/Tullus%20of%20King's%20Reach,c
Stenmun Fodeben,1,/tags/Stenmun%20Fodeben,c
Ain (Tortall),0,/tags/Ain%20(Tortall),c
Kalasin of Conté & Thayet jian Wilima,2,/tags/Kalasin%20of%20Cont%C3%A9%20*a*%20Thayet%20jian%20Wilima,r
Lianne II of Conté/Original Character(s),0,/tags/Lianne%20II%20of%20Cont%C3%A9*s*Original%20Character(s),r
Gunapi the Sunrose,0,/tags/Gunapi%20the%20Sunrose,c
Jaguar Goddess (Tortall),0,/tags/Jaguar%20Goddess%20(Tortall),c
Alan of Pirate's Swoop & Taybur Sibigat,1,/tags/Alan%20of%20Pirate's%20Swoop%20*a*%20Taybur%20Sibigat,r
Kalasin of Conté & Musenda Ogunsanwo | Sarge,0,/tags/Kalasin%20of%20Cont%C3%A9%20*a*%20Musenda%20Ogunsanwo%20%7C%20Sarge,r
Dovasary Balitang/Lianne II of Conté,1,/tags/Dovasary%20Balitang*s*Lianne%20II%20of%20Cont%C3%A9,r
Wayan (Tortall),0,/tags/Wayan%20(Tortall),c
Gilab Lofts,2,/tags/Gilab%20Lofts,c
Merric of Hollyrose/Nealan of Queenscove,1,/tags/Merric%20of%20Hollyrose*s*Nealan%20of%20Queenscove,r
Joren of Stone Mountain & Keladry of Mindelan,0,/tags/Joren%20of%20Stone%20Mountain%20*a*%20Keladry%20of%20Mindelan,r
Alexander of Tirragen/Raoul of Goldenlake and Malorie's Peak/Thom of Trebond,0,/tags/Alexander%20of%20Tirragen*s*Raoul%20of%20Goldenlake%20and%20Malorie's%20Peak*s*Thom%20of%20Trebond,r
Badger God (Tortall),1,/tags/Badger%20God%20(Tortall),c
Graveyard Hag (Tortall),3,/tags/Graveyard%20Hag%20(Tortall),c
Black God (Tortall),0,/tags/Black%20God%20(Tortall),c
The King's Own (Tortall),0,/tags/The%20King's%20Own%20(Tortall),c
The Queen's Riders (Tortall),0,/tags/The%20Queen's%20Riders%20(Tortall),c
Liam Ironarm/Hakuin Seastone,1,/tags/Liam%20Ironarm*s*Hakuin%20Seastone,r
Liam Ironarm & Buriram Tourakom,1,/tags/Liam%20Ironarm%20*a*%20Buriram%20Tourakom,r
Liam Ironarm/Cobb Vanth,1,/tags/Liam%20Ironarm*s*Cobb%20Vanth,r
Grogu | Baby Yoda & Liam Ironarm,0,/tags/Grogu%20%7C%20Baby%20Yoda%20*a*%20Liam%20Ironarm,r
Liam Ironarm/Omera (Star Wars),0,/tags/Liam%20Ironarm*s*Omera%20(Star%20Wars),r
Eda Bell & Liam Ironarm,0,/tags/Eda%20Bell%20*a*%20Liam%20Ironarm,r
Dovasary Balitang/Briar Moss,1,/tags/Dovasary%20Balitang*s*Briar%20Moss,r
Jemis of Keir,0,/tags/Jemis%20of%20Keir,c
Vania of Conté/Original Female Character(s),1,/tags/Vania%20of%20Cont%C3%A9*s*Original%20Female%20Character(s),r
Gary of Naxen/Gwynnen,1,/tags/Gary%20of%20Naxen*s*Gwynnen,r
Keladry of Mindelan & Buriram Tourakom,2,/tags/Keladry%20of%20Mindelan%20*a*%20Buriram%20Tourakom,r
Kalasin of Conté & Veralidaine Sarrasri,2,/tags/Kalasin%20of%20Cont%C3%A9%20*a*%20Veralidaine%20Sarrasri,r
Maura of Dunlath & Veralidaine Sarrasri,3,/tags/Maura%20of%20Dunlath%20*a*%20Veralidaine%20Sarrasri,r
Varice Kingsford & Ozorne Muhassin Tasikhe,3,/tags/Varice%20Kingsford%20*a*%20Ozorne%20Muhassin%20Tasikhe,r
Onua Chamtong & Thayet jian Wilima,1,/tags/Onua%20Chamtong%20*a*%20Thayet%20jian%20Wilima,r
Numair Salmalín & Tristan Staghorn,0,/tags/Numair%20Salmal%C3%ADn%20*a*%20Tristan%20Staghorn,r
Jonathan of Conté & Numair Salmalín,2,/tags/Jonathan%20of%20Cont%C3%A9%20*a*%20Numair%20Salmal%C3%ADn,r
Varice Kingsford & Numair Salmalín,3,/tags/Varice%20Kingsford%20*a*%20Numair%20Salmal%C3%ADn,r
George Cooper & Numair Salmalín,0,/tags/George%20Cooper%20*a*%20Numair%20Salmal%C3%ADn,r
Forum: Goldenlake (Emelan & Tortall),2,/tags/Forum:%20Goldenlake%20(Emelan%20*a*%20Tortall),f
Bazhir (Tortall),4,/tags/Bazhir%20(Tortall),f
Book: Page (Tortall),0,/tags/Book:%20Page%20(Tortall),f
Book: Mastiff (Tortall),0,/tags/Book:%20Mastiff%20(Tortall),f
Goldenlake's Secrets and Lies Week (Emelan & Tortall),0,/tags/Goldenlake's%20Secrets%20and%20Lies%20Week%20(Emelan%20*a*%20Tortall),f
Goldenlake's Crossover Week (Emelan & Tortall),0,/tags/Goldenlake's%20Crossover%20Week%20(Emelan%20*a*%20Tortall),f
Goldenlake's Wyldon Winter Challenge (Tortall),0,/tags/Goldenlake's%20Wyldon%20Winter%20Challenge%20(Tortall),f
Goldenlake's SMACKDOWN Event (Emelan & Tortall),0,/tags/Goldenlake's%20SMACKDOWN%20Event%20(Emelan%20*a*%20Tortall),f
Goldenlake's SMACKDOWN Event 2010 (Emelan & Tortall),0,/tags/Goldenlake's%20SMACKDOWN%20Event%202010%20(Emelan%20*a*%20Tortall),f
Goldenlake's SMACKDOWN Event 2011 (Emelan & Tortall),0,/tags/Goldenlake's%20SMACKDOWN%20Event%202011%20(Emelan%20*a*%20Tortall),f
Goldenlake's SMACKDOWN Event 2013 (Emelan & Tortall),0,/tags/Goldenlake's%20SMACKDOWN%20Event%202013%20(Emelan%20*a*%20Tortall),f
Goldenlake's Malorie's Peak Prompts (Emelan & Tortall),0,/tags/Goldenlake's%20Malorie's%20Peak%20Prompts%20(Emelan%20*a*%20Tortall),f
Goldenlake's Merry Ficmas Exchange (Emelan & Tortall),0,/tags/Goldenlake's%20Merry%20Ficmas%20Exchange%20(Emelan%20*a*%20Tortall),f
Goldenlake's Decathlon Event (Emelan & Tortall),0,/tags/Goldenlake's%20Decathlon%20Event%20(Emelan%20*a*%20Tortall),f
Goldenlake's Pentathlon Event (Emelan & Tortall),0,/tags/Goldenlake's%20Pentathlon%20Event%20(Emelan%20*a*%20Tortall),f
The Dancing Dove (Tortall),1,/tags/The%20Dancing%20Dove%20(Tortall),f
Book: Squire (Tortall),3,/tags/Book:%20Squire%20(Tortall),f
Book: First Test (Tortall),3,/tags/Book:%20First%20Test%20(Tortall),f
Series: The Immortals (Tortall),2,/tags/Series:%20The%20Immortals%20(Tortall),f
Spoilers for Book: Mastiff (Tortall),0,/tags/Spoilers%20for%20Book:%20Mastiff%20(Tortall),f
Emry of Haryse,2,/tags/Emry%20of%20Haryse,c
Glaisdan of Haryse,2,/tags/Glaisdan%20of%20Haryse,c
Dagani (Tortall),0,/tags/Dagani%20(Tortall),c
Yadeen (Tortall),0,/tags/Yadeen%20(Tortall),c
Alexander of Tirragen & Jonathan of Conté,2,/tags/Alexander%20of%20Tirragen%20*a*%20Jonathan%20of%20Cont%C3%A9,r
Baird of Queenscove & Nealan of Queenscove,2,/tags/Baird%20of%20Queenscove%20*a*%20Nealan%20of%20Queenscove,r
Gary of Naxen & Jonathan of Conté,0,/tags/Gary%20of%20Naxen%20*a*%20Jonathan%20of%20Cont%C3%A9,r
Secret & Taybur Sibigat,1,/tags/Secret%20*a*%20Taybur%20Sibigat,r
Faleron of King's Reach & Keladry of Mindelan,1,/tags/Faleron%20of%20King's%20Reach%20*a*%20Keladry%20of%20Mindelan,r
Geoffrey of Meron & Jonathan of Conté,1,/tags/Geoffrey%20of%20Meron%20*a*%20Jonathan%20of%20Cont%C3%A9,r
Alanna of Pirate's Swoop and Olau & Alexander of Tirragen & Gary of Naxen,0,/tags/Alanna%20of%20Pirate's%20Swoop%20and%20Olau%20*a*%20Alexander%20of%20Tirragen%20*a*%20Gary%20of%20Naxen,r
Secret (Tortall),0,/tags/Secret%20(Tortall),c
Alexander of Tirragen & Raoul of Goldenlake and Malorie's Peak,2,/tags/Alexander%20of%20Tirragen%20*a*%20Raoul%20of%20Goldenlake%20and%20Malorie's%20Peak,r
Alexander of Tirragen & Roger of Conté,2,/tags/Alexander%20of%20Tirragen%20*a*%20Roger%20of%20Cont%C3%A9,r
Eleni Cooper/Kyprioth (Tortall),0,/tags/Eleni%20Cooper*s*Kyprioth%20(Tortall),r
Faleron of King's Reach/Miri,0,/tags/Faleron%20of%20King's%20Reach*s*Miri,r
Alexander of Tirragen & Gareth I of Naxen,1,/tags/Alexander%20of%20Tirragen%20*a*%20Gareth%20I%20of%20Naxen,r
Faleron of King's Reach/Francesca Lam (Revolutionary Arc),0,/tags/Faleron%20of%20King's%20Reach*s*Francesca%20Lam%20(Revolutionary%20Arc),r
Raoul of Goldenlake and Malorie's Peak/Original Female Character(s),1,/tags/Raoul%20of%20Goldenlake%20and%20Malorie's%20Peak*s*Original%20Female%20Character(s),r
Ilony Cooper,1,/tags/Ilony%20Cooper,c
Alanna of Pirate's Swoop and Olau & Faithful,1,/tags/Alanna%20of%20Pirate's%20Swoop%20and%20Olau%20*a*%20Faithful,r
Beka Cooper & Ilony Cooper,0,/tags/Beka%20Cooper%20*a*%20Ilony%20Cooper,r
Veralidaine Sarrasri & Original Female Character(s),0,/tags/Veralidaine%20Sarrasri%20*a*%20Original%20Female%20Character(s),r
Jonathan of Conté & Kalasin of Conté,0,/tags/Jonathan%20of%20Cont%C3%A9%20*a*%20Kalasin%20of%20Cont%C3%A9,r
Ansil of Groten,1,/tags/Ansil%20of%20Groten,c
Buriram Tourakom/Original Character(s),0,/tags/Buriram%20Tourakom*s*Original%20Character(s),r
Jerel of Nenan,2,/tags/Jerel%20of%20Nenan,c
Cirilla Fiona Elen Riannon/Keladry of Mindelan,1,/tags/Cirilla%20Fiona%20Elen%20Riannon*s*Keladry%20of%20Mindelan,r
Dovasary Balitang/Jasson II of Conté,0,/tags/Dovasary%20Balitang*s*Jasson%20II%20of%20Cont%C3%A9,r
Mequen Hetnim,3,/tags/Mequen%20Hetnim,c
Alexander of Tirragen & Geoffrey of Meron,0,/tags/Alexander%20of%20Tirragen%20*a*%20Geoffrey%20of%20Meron,r
Goldenlake's 100 Words Weeks (Emelan & Tortall),0,/tags/Goldenlake's%20100%20Words%20Weeks%20(Emelan%20*a*%20Tortall),f
Keladry of Mindelan & Original Character(s),1,/tags/Keladry%20of%20Mindelan%20*a*%20Original%20Character(s),r
The Dominion Jewel | Dom (Rigel Black Chronicles),36,/tags/The%20Dominion%20Jewel%20%7C%20Dom%20(Rigel%20Black%20Chronicles),c
Alan of Pirate's Swoop & Alianne Cooper,2,/tags/Alan%20of%20Pirate's%20Swoop%20*a*%20Alianne%20Cooper,r
Alanna of Pirate's Swoop and Olau/Numair Salmalín,1,/tags/Alanna%20of%20Pirate's%20Swoop%20and%20Olau*s*Numair%20Salmal%C3%ADn,r
Alan of Pirate's Swoop/Taybur Sibigat,1,/tags/Alan%20of%20Pirate's%20Swoop*s*Taybur%20Sibigat,r
The Dominion Jewel | Dom (Rigel Black Chronicles) & Faithful (Tortall),0,/tags/The%20Dominion%20Jewel%20%7C%20Dom%20(Rigel%20Black%20Chronicles)%20*a*%20Faithful%20(Tortall),r
The Dominion Jewel | Dom & Harriet Potter | Rigel Black,6,/tags/The%20Dominion%20Jewel%20%7C%20Dom%20*a*%20Harriet%20Potter%20%7C%20Rigel%20Black,r
Farmer Cape (Tortall),1,/tags/Farmer%20Cape%20(Tortall),c
Sergeant Osbern (Tortall),0,/tags/Sergeant%20Osbern%20(Tortall),c
Goldenlake's One Sentence Week (Emelan & Tortall),0,/tags/Goldenlake's%20One%20Sentence%20Week%20(Emelan%20*a*%20Tortall),f
Roald VI of Conté & Thom of Trebond,1,/tags/Roald%20VI%20of%20Cont%C3%A9%20*a*%20Thom%20of%20Trebond,r
Thom of Trebond & Original Male Character(s),1,/tags/Thom%20of%20Trebond%20*a*%20Original%20Male%20Character(s),r
Alianne Cooper & Thom of Trebond,1,/tags/Alianne%20Cooper%20*a*%20Thom%20of%20Trebond,r
Thom of Pirate's Swoop & Thom of Trebond,1,/tags/Thom%20of%20Pirate's%20Swoop%20*a*%20Thom%20of%20Trebond,r
Jonthair of Trebond & Roald VI of Conté,1,/tags/Jonthair%20of%20Trebond%20*a*%20Roald%20VI%20of%20Cont%C3%A9,r
Nealan of Queenscove & Roald VI of Conté,2,/tags/Nealan%20of%20Queenscove%20*a*%20Roald%20VI%20of%20Cont%C3%A9,r
Roald VI of Conté & Thom of Pirate's Swoop,1,/tags/Roald%20VI%20of%20Cont%C3%A9%20*a*%20Thom%20of%20Pirate's%20Swoop,r
Alexander of Tirragen & Keladry of Mindelan,1,/tags/Alexander%20of%20Tirragen%20*a*%20Keladry%20of%20Mindelan,r
Aromantic Kel (OMORI),3,/tags/Aromantic%20Kel%20(OMORI),f
Kalasin of Conté/Maura of Dunlath,4,/tags/Kalasin%20of%20Cont%C3%A9*s*Maura%20of%20Dunlath,r
Maura of Dunlath & Jonathan of Conté,2,/tags/Maura%20of%20Dunlath%20*a*%20Jonathan%20of%20Cont%C3%A9,r
Kalasin of Conté & Buriram Tourakom,2,/tags/Kalasin%20of%20Cont%C3%A9%20*a*%20Buriram%20Tourakom,r
Maura of Dunlath & Yolane of Dunlath,2,/tags/Maura%20of%20Dunlath%20*a*%20Yolane%20of%20Dunlath,r
Maura of Dunlath & Yukimi noh Daiomoru,1,/tags/Maura%20of%20Dunlath%20*a*%20Yukimi%20noh%20Daiomoru,r
Maura of Dunlath & Shinkokami of Conté,1,/tags/Maura%20of%20Dunlath%20*a*%20Shinkokami%20of%20Cont%C3%A9,r
The Countess of King's Reach,1,/tags/The%20Countess%20of%20King's%20Reach,c
Voelden of Tirrsmont,2,/tags/Voelden%20of%20Tirrsmont,c
Alanna of Pirate's Swoop and Olau & Maura of Dunlath,0,/tags/Alanna%20of%20Pirate's%20Swoop%20and%20Olau%20*a*%20Maura%20of%20Dunlath,r
Thayet jian Wilima & Thom of Trebond,0,/tags/Thayet%20jian%20Wilima%20*a*%20Thom%20of%20Trebond,r
Liam of Conté & Thom of Trebond,0,/tags/Liam%20of%20Cont%C3%A9%20*a*%20Thom%20of%20Trebond,r
Jasson II of Conté & Thom of Trebond,0,/tags/Jasson%20II%20of%20Cont%C3%A9%20*a*%20Thom%20of%20Trebond,r
Thom of Trebond & Thomsen of Trebond,0,/tags/Thom%20of%20Trebond%20*a*%20Thomsen%20of%20Trebond,r
Rose of Trebond & Thom of Trebond,0,/tags/Rose%20of%20Trebond%20*a*%20Thom%20of%20Trebond,r
Kalasin of Conté & Roald VI of Conté,0,/tags/Kalasin%20of%20Cont%C3%A9%20*a*%20Roald%20VI%20of%20Cont%C3%A9,r
Keladry of Mindelan & Yukimi noh Daiomoru & Shinkokami of Conté,0,/tags/Keladry%20of%20Mindelan%20*a*%20Yukimi%20noh%20Daiomoru%20*a*%20Shinkokami%20of%20Cont%C3%A9,r
Winter's Crone (Tortall),0,/tags/Winter's%20Crone%20(Tortall),c
Iakoju (Tortall),0,/tags/Iakoju%20(Tortall),c
Tait Randson,0,/tags/Tait%20Randson,c
Fleur Delacour & The Dominion Jewel | Dom (Rigel Black Chronicles),0,/tags/Fleur%20Delacour%20*a*%20The%20Dominion%20Jewel%20%7C%20Dom%20(Rigel%20Black%20Chronicles),r
The Dominion Jewel | Dom (Rigel Black Chronicles) & James Potter,0,/tags/The%20Dominion%20Jewel%20%7C%20Dom%20(Rigel%20Black%20Chronicles)%20*a*%20James%20Potter,r
Liam Ironarm/Original Female Character(s),0,/tags/Liam%20Ironarm*s*Original%20Female%20Character(s),r
Eda Bell & Original Female Character(s),0,/tags/Eda%20Bell%20*a*%20Original%20Female%20Character(s),r
Liam Ironarm & Myles of Olau,0,/tags/Liam%20Ironarm%20*a*%20Myles%20of%20Olau,r
"Arcturus Rigel ""Archie"" Black & The Dominion Jewel | Dom",0,/tags/Arcturus%20Rigel%20%22Archie%22%20Black%20*a*%20The%20Dominion%20Jewel%20%7C%20Dom,r
Nyler Jewel,1,/tags/Nyler%20Jewel,c
Osgyth Yoav,1,/tags/Osgyth%20Yoav,c
Mequen Hetnim/Binur Iliniat,0,/tags/Mequen%20Hetnim*s*Binur%20Iliniat,r
Year Four: The Futile Facade (Rigel Black Chronicles),14,/tags/Year%20Four:%20The%20Futile%20Facade%20(Rigel%20Black%20Chronicles),f
Year One: The Pureblood Pretense (Rigel Black Chronicles),3,/tags/Year%20One:%20The%20Pureblood%20Pretense%20(Rigel%20Black%20Chronicles),f
Year Two: The Serpentine Subterfuge (Rigel Black Chronicles),2,/tags/Year%20Two:%20The%20Serpentine%20Subterfuge%20(Rigel%20Black%20Chronicles),f
Keladry of Mindelan & Other(s),0,/tags/Keladry%20of%20Mindelan%20*a*%20Other(s),r
Alanna of Pirate's Swoop and Olau & Edmund Pevensie,1,/tags/Alanna%20of%20Pirate's%20Swoop%20and%20Olau%20*a*%20Edmund%20Pevensie,r
Domitan of Masbolle & Raoul of Goldenlake and Malorie's Peak,1,/tags/Domitan%20of%20Masbolle%20*a*%20Raoul%20of%20Goldenlake%20and%20Malorie's%20Peak,r
The Dominion Jewel | Dom (Rigel Black Chronicles) & Theodore Nott,0,/tags/The%20Dominion%20Jewel%20%7C%20Dom%20(Rigel%20Black%20Chronicles)%20*a*%20Theodore%20Nott,r
The Dominion Jewel | Dom (Rigel Black Chronicles) & Draco Malfoy,0,/tags/The%20Dominion%20Jewel%20%7C%20Dom%20(Rigel%20Black%20Chronicles)%20*a*%20Draco%20Malfoy,r
The Dominion Jewel | Dom (Rigel Black Chronicles) & Peter Pettigrew,0,/tags/The%20Dominion%20Jewel%20%7C%20Dom%20(Rigel%20Black%20Chronicles)%20*a*%20Peter%20Pettigrew,r
Broad Foot God (Tortall),0,/tags/Broad%20Foot%20God%20(Tortall),c
The Dominion Jewel | Dom (Rigel Black Chronicles) & Remus Lupin,1,/tags/The%20Dominion%20Jewel%20%7C%20Dom%20(Rigel%20Black%20Chronicles)%20*a*%20Remus%20Lupin,r
Kaddar Iliniat's Father,0,/tags/Kaddar%20Iliniat's%20Father,c
Kaddar Iliniat & Kaddar Iliniat's Father,0,/tags/Kaddar%20Iliniat%20*a*%20Kaddar%20Iliniat's%20Father,r
Fazia Iliniat & Kaddar Iliniat,0,/tags/Fazia%20Iliniat%20*a*%20Kaddar%20Iliniat,r
Petranne Balitang & Winnamine Balitang,1,/tags/Petranne%20Balitang%20*a*%20Winnamine%20Balitang,r
Keladry of Mindelan/Everyone,1,/tags/Keladry%20of%20Mindelan*s*Everyone,r
Alanna of Pirate's Swoop and Olau & Thom of Pirate's Swoop,1,/tags/Alanna%20of%20Pirate's%20Swoop%20and%20Olau%20*a*%20Thom%20of%20Pirate's%20Swoop,r
Keladry of Mindelan & Lachran of Mindelan,0,/tags/Keladry%20of%20Mindelan%20*a*%20Lachran%20of%20Mindelan,r
Faithful (Tortall) & Harriet Potter | Rigel Black,1,/tags/Faithful%20(Tortall)%20*a*%20Harriet%20Potter%20%7C%20Rigel%20Black,r
Benek Todorsra,1,/tags/Benek%20Todorsra,c
Keladry of Mindelan/Nealan of Queenscove/Yukimi noh Daiomoru,1,/tags/Keladry%20of%20Mindelan*s*Nealan%20of%20Queenscove*s*Yukimi%20noh%20Daiomoru,r
Faithful (Tortall) & Great Mother Goddess (Tortall),0,/tags/Faithful%20(Tortall)%20*a*%20Great%20Mother%20Goddess%20(Tortall),r
Gareth I of Naxen & Myles of Olau,0,/tags/Gareth%20I%20of%20Naxen%20*a*%20Myles%20of%20Olau,r
Cythera of Naxen & Thom of Trebond,0,/tags/Cythera%20of%20Naxen%20*a*%20Thom%20of%20Trebond,r
Faithful (Tortall) & Original Character(s),0,/tags/Faithful%20(Tortall)%20*a*%20Original%20Character(s),r
Alanna of Pirate's Swoop and Olau & Francis of Nond,3,/tags/Alanna%20of%20Pirate's%20Swoop%20and%20Olau%20*a*%20Francis%20of%20Nond,r
Alanna of Pirate's Swoop and Olau & Delia of Eldorne & Raoul of Goldenlake and Malorie's Peak,0,/tags/Alanna%20of%20Pirate's%20Swoop%20and%20Olau%20*a*%20Delia%20of%20Eldorne%20*a*%20Raoul%20of%20Goldenlake%20and%20Malorie's%20Peak,r
Alanna of Pirate's Swoop and Olau & Original Female Character(s),0,/tags/Alanna%20of%20Pirate's%20Swoop%20and%20Olau%20*a*%20Original%20Female%20Character(s),r
Nealan of Queenscove/Original Character(s),0,/tags/Nealan%20of%20Queenscove*s*Original%20Character(s),r
Gareth I of Naxen & Lianne I of Conté,0,/tags/Gareth%20I%20of%20Naxen%20*a*%20Lianne%20I%20of%20Cont%C3%A9,r
Onua Chamtong & Ozorne Muhassin Tasikhe,1,/tags/Onua%20Chamtong%20*a*%20Ozorne%20Muhassin%20Tasikhe,r
Francis of Nond & Jonathan of Conté,0,/tags/Francis%20of%20Nond%20*a*%20Jonathan%20of%20Cont%C3%A9,r
Alanna of Pirate's Swoop and Olau & Onua Chamtong,0,/tags/Alanna%20of%20Pirate's%20Swoop%20and%20Olau%20*a*%20Onua%20Chamtong,r
Maura of Dunlath & Roald VI of Conté,3,/tags/Maura%20of%20Dunlath%20*a*%20Roald%20VI%20of%20Cont%C3%A9,r
Maura of Dunlath & Nealan of Queenscove,1,/tags/Maura%20of%20Dunlath%20*a*%20Nealan%20of%20Queenscove,r
Maura of Dunlath & Wyldon of Cavall,1,/tags/Maura%20of%20Dunlath%20*a*%20Wyldon%20of%20Cavall,r
Gareth I of Naxen & Gary of Naxen & Maura of Dunlath,0,/tags/Gareth%20I%20of%20Naxen%20*a*%20Gary%20of%20Naxen%20*a*%20Maura%20of%20Dunlath,r
Lionel of Trebond,0,/tags/Lionel%20of%20Trebond,c
Thiratay Tourakom,1,/tags/Thiratay%20Tourakom,c
Book: Terrier (Tortall),0,/tags/Book:%20Terrier%20(Tortall),f
